10020 10021
10020 10055
10020 10076
10020 10091
10020 10102
10020 10113
10020 10120
10020 10147
10020 10157
10020 10173
10020 10191
10020 10200
10020 10206
10020 10213
10020 83408
10020 83409
10227 10228
10227 10267
10227 10280
10227 10296
10227 10308
10227 10319
10227 10343
10227 10355
10227 10392
10227 10402
10227 10423
10227 10437
10227 10453
10227 10485
10227 10505
10227 10524
10227 10554
10227 10569
10227 10588
10227 10602
10227 10614
10227 10623
10227 10638
10646 10647
10646 10674
10646 10699
10646 10735
10646 10758
10646 10805
10646 10823
10646 10845
10646 10887
10646 10902
10646 10917
10646 10929
10646 10941
10646 10953
10646 10963
10646 10979
10646 10990
10646 11005
10646 83459
10646 83460
10646 83461
10646 83462
10646 83463
10646 83464
10646 83465
10646 83466
10646 83467
10646 83468
10646 83469
10646 83470
10646 83471
11022 11023
11022 11034
11022 11045
11022 11052
11022 11058
11022 11064
11022 11069
11022 11076
11083 11084
11083 11105
11083 11119
11083 11127
11083 11139
11083 11162
11083 11192
11083 11203
11083 11216
11083 11237
11247 11248
11247 11260
11247 11272
11247 11279
11247 11292
11247 11305
11247 11319
11247 11328
11247 11357
113 155
11374 11375
11374 11388
11374 11417
11374 11430
11374 11448
11374 11457
11374 11463
11374 11481
11374 11502
11374 11531
11374 11543
11374 11553
11374 11564
11374 11579
11374 11593
11374 11604
11374 11615
11635 11636
11635 11651
11635 11665
11635 11679
11635 11707
11635 11721
11635 11734
11743 11744
11743 11757
11743 11764
11743 11772
11743 11779
11743 11786
11743 11793
11743 11803
11743 11810
11743 11818
11743 11831
11743 11838
11743 11844
11743 11851
11743 11859
11743 11866
11743 11872
11743 11879
11743 11889
11743 11897
11743 11909
11916 11917
11916 11925
11916 11934
11916 11942
11916 11949
11916 11957
11916 11965
11916 11971
11978 11979
11978 11985
11978 11990
11978 11995
12000 12001
12000 12008
12000 12014
12000 12020
12000 12026
12000 12032
12038 12039
12038 12049
12038 12057
12038 12064
12038 12072
1207 1208
1207 1233
1207 1267
1207 1295
1207 1307
1207 1322
1207 1332
1207 1362
1207 1386
1207 1394
1207 1420
1207 1440
1207 1459
1207 1476
12081 12082
12081 12090
12081 12098
12081 12106
12081 12114
12122 12123
12122 12140
12122 12153
12122 12169
12122 12180
12122 12199
12208 12209
12208 12254
12208 12341
12208 12386
12208 12464
12208 12488
12208 12527
12208 12560
12208 12595
124 313
12606 12607
12606 12630
12606 12708
12606 12736
12606 12761
12606 12793
12606 12809
12606 12851
12606 12891
12606 83406
12606 83407
12606 83472
12921 12922
12921 12931
12921 12936
12921 12946
12921 12952
12921 12959
12921 12964
12921 12977
12921 12982
12921 12990
12921 12996
12921 13005
12921 83473
12921 83474
12921 83475
13010 13011
13010 13014
13010 13019
13010 13023
13010 13030
13010 13039
13010 13045
13010 13055
13010 13064
13010 13073
13010 13083
13010 13086
13010 13090
13010 13096
13099 13100
13099 13108
13099 13118
13099 13124
13099 13136
13099 13143
13099 13149
13099 13158
13163 13164
13163 13174
13163 13183
13163 13189
13163 13195
13163 13200
13163 13205
13163 13211
13163 13222
13163 13229
13163 13236
13163 13239
13163 13242
13163 13248
13253 13254
13253 13256
13253 13260
13253 13266
13253 13271
13253 13276
13253 13279
13253 13282
13253 13285
13253 13287
13253 13290
13253 13293
13253 13297
13253 13300
13253 13304
13253 13308
13253 13311
13317 13318
13317 13322
13317 13328
13317 13338
13317 13345
13317 13353
13317 13361
13317 13369
13317 13376
13317 13380
13317 13385
13317 13392
13317 13398
13317 13403
13317 13407
13317 13411
13416 13417
13416 13424
13416 13430
13416 13438
13416 13443
13416 13455
13416 13462
13416 13470
13416 13474
13416 13483
13416 13489
13416 13495
13416 13501
13509 13510
13509 13515
13509 13522
13509 13524
13509 13528
13509 13531
13509 13535
13509 13538
13509 13541
13509 13544
13509 13546
13509 13550
13554 13555
13554 13559
13554 13567
13554 13573
13554 13580
13554 13584
13554 13588
13554 13592
13554 13599
13554 13603
13608 13609
13608 13617
13608 13623
13608 13630
13608 83410
13608 83411
13608 83412
13608 83413
13608 83414
13608 83415
13608 83416
13634 13635
13634 13640
13634 13652
13634 13657
13634 13663
13634 13671
13634 13676
13681 13686
13681 13690
13681 13694
13681 13697
13681 13700
13681 13707
13712 13713
13712 13726
13712 13737
13712 13748
13712 13756
13712 13763
13712 13779
13712 13787
13712 13797
13712 13807
13712 13814
13828 13829
13828 13837
13844 13845
13844 13857
13844 13868
13844 13874
13886 13887
13886 13896
13905 13906
13905 13914
13905 13924
13933 13934
13933 13966
13933 13995
13933 83417
13933 83418
140 265
14010 14011
14010 14034
14010 14052
14010 14069
14087 14088
14087 14105
14087 14121
14087 14135
14087 14144
14087 83480
14087 83481
14087 83482
14087 83483
14166 14167
14166 14172
14166 14185
14166 14200
14166 14214
14166 14221
14166 14234
14166 14251
14166 14266
14166 14288
14166 14313
14166 14330
14166 14344
14166 14351
14166 14358
14166 14368
14166 14373
14166 14380
14166 14388
14166 14400
14166 14407
142 307
143 200
14414 14415
14414 14434
14414 14453
14414 14472
14414 14490
14414 14503
14414 14515
14414 14536
14414 14547
14414 14565
14414 14576
14414 14589
14414 14599
14414 14619
14630 14631
14630 14652
14630 14662
14630 14678
14630 14694
14630 14707
14630 14713
14630 14727
14741 14742
14741 14753
14741 14766
14741 14775
14741 14782
14741 14790
14741 14799
14741 14812
14741 14821
14741 14835
14741 14846
14741 14858
14741 14870
14741 14875
14741 14887
14741 14902
14741 14916
14741 14932
14741 14939
14741 14948
148 168
148 437
1492 1493
1492 1515
1492 1559
1492 1577
1492 1621
1492 1654
1492 1672
1492 1700
1492 1726
1492 1753
1492 1778
1492 1804
14955 14956
14955 14968
14955 14977
14955 14995
14955 15006
14955 15015
14955 15025
14955 15036
14955 15047
14955 15057
14955 15068
14955 15074
15087 15088
15087 15094
15087 15109
15087 15124
15087 15137
15087 15148
15087 15162
15087 15177
15087 15191
15087 15203
15087 15211
15087 15221
15087 15228
15087 15236
15087 15242
15087 15248
15254 15255
15254 15271
15254 15287
15254 15301
15254 15314
15254 15338
15254 15345
15254 15350
15254 15363
15254 15369
15254 15383
15254 15390
15254 15396
15254 15401
15254 83476
15412 15413
15412 15422
15412 15438
15412 15444
15412 15453
15412 15463
15412 15475
15412 15488
15412 15499
15412 15510
15412 15521
15412 15528
15412 15537
15412 15545
15553 15554
15553 15585
15553 15612
15553 15626
15553 15655
15553 15668
15553 15695
15553 15709
15553 15722
15553 15737
15553 15751
15553 15763
15553 83477
15553 83478
15553 83479
15775 15776
15775 15784
15775 15791
15775 15795
15775 15800
15775 15807
15775 15813
15775 15823
15775 15834
15775 15839
15846 15847
15846 15858
15846 15868
15846 15874
15846 15880
15846 83421
15846 83422
15886 15887
15886 15907
15886 15923
15886 15937
15886 15951
15886 83486
15886 83487
15886 83488
159 319
15961 15962
15961 15979
15961 15994
15961 16010
15961 16033
15961 16045
15961 16060
15961 16081
15961 16111
15961 16128
15961 16140
15961 16168
15961 83423
15961 83484
15961 83869
15961 83870
16183 16184
16183 16196
16183 16205
16183 16223
16183 16234
16183 16246
16183 16261
16183 16268
16183 16276
16183 16292
16183 16299
16183 16307
16183 16318
16183 16327
16183 16335
16183 16340
16183 16353
16183 16362
16183 16375
16183 16380
16183 16385
16183 16392
16183 16398
16183 16413
163 425
16420 16421
16420 16444
16420 16460
16420 16476
16420 16492
16420 16507
16420 16528
16420 16539
16420 16556
16420 16567
16576 16577
16576 16594
16576 16608
16576 16629
16576 16647
16576 16666
16576 16681
16576 16691
16699 16700
16699 16719
16699 16736
16699 16754
16699 16767
16699 16783
16699 16801
16699 16813
16699 16840
16699 16851
16699 83485
16862 16863
16862 16871
16862 16878
16862 16883
16862 16888
16862 16897
16862 16903
16862 16910
16862 16917
16862 16923
16862 16928
16862 16933
16862 16938
16946 16947
16946 16960
16946 16971
16946 16981
16946 16993
16946 17003
16946 17011
16946 17019
16946 17026
16946 17034
16946 17044
170 427
17051 17052
17051 17064
17051 17071
17051 17077
17051 17086
17051 17097
17051 17111
17051 17126
17051 17135
17051 17153
17051 17159
17051 17168
17051 17174
17051 17179
17051 17189
17051 17195
17051 17207
172 169
17215 17216
17215 17229
17215 17241
17215 17254
17215 17263
17215 17276
17215 17287
17215 17294
17215 17304
17215 17310
17215 17319
17215 17325
17333 17334
17333 17346
17333 17356
17333 17367
17333 17372
17333 17379
17333 17385
17333 17396
17405 17406
17405 17417
17405 17430
17405 17455
17405 17463
17405 17476
17405 17490
17405 17498
17405 17520
17405 17535
17405 17557
17405 17564
17570 17571
17570 17593
17570 17608
17570 17623
17570 17649
17570 17670
17570 17693
17570 17715
17570 17732
17570 17752
17570 17770
17570 17787
17570 17799
17570 17817
17570 17838
17570 17856
17570 17872
17570 17887
177 151
177 264
177 324
177 557
178 206
17895 17896
17895 17923
17895 17940
17895 17967
17895 17991
17895 18012
17895 18036
17895 18044
17895 18055
17895 18068
17895 18079
17895 18088
17895 18106
17895 18120
17895 18142
17895 18156
17895 18176
17895 18197
17895 18211
17895 18218
17895 18227
17895 18235
17895 83489
17895 83490
17895 83491
181 332
1824 1825
1824 1854
1824 1883
1824 1936
1824 1984
1824 2024
1824 2060
1824 2093
1824 2120
1824 2134
1824 2185
1824 2233
1824 2263
1824 2281
1824 2294
1824 2308
1824 2341
1824 2357
1824 2376
1824 2391
1824 2405
1824 2418
1824 2425
18244 18245
18244 18260
18244 18282
18244 18305
18244 18320
18244 18340
18244 18376
18244 18407
18244 18434
18244 18453
18244 18486
18244 18496
18244 18516
18244 18528
18244 18544
18244 18565
18244 18580
18244 18599
18244 18610
18244 18620
18244 18635
18244 83492
185 452
18643 18644
18643 18662
18643 18683
18643 18704
18643 18716
18643 18733
18643 18741
18643 18759
18643 18772
18643 18785
18643 18799
18643 18812
18643 18833
18643 18845
18643 18865
18643 18880
18643 18892
18643 18902
18643 18912
18643 18922
18643 18934
188 289
188 323
188 447
189 210
18942 18943
18942 18958
18942 18972
18942 18992
18942 19009
18942 19027
18942 19055
18942 19081
18942 19095
18942 19130
18942 19145
18942 83425
18942 83426
18942 83427
191 369
19172 19173
19172 19202
19172 19224
19172 19263
19172 19293
19172 19315
19172 19336
19172 19352
19172 19375
19172 19390
19172 19403
19172 19425
19172 19440
19172 19456
19172 19479
19172 83429
19172 83430
19172 83493
19172 83494
192 277
194 167
194 259
194 275
194 440
19492 19493
19492 19510
19492 19528
19492 19551
19492 19565
19492 19579
19492 19596
19492 19609
19492 19629
19492 19654
19492 19675
19492 19684
19492 19708
19492 19718
19492 19731
19492 19749
19492 19758
19492 19772
19492 19788
19492 19800
195 563
196 318
198 391
19808 19809
19808 19824
19808 19838
19808 19861
19808 19880
19808 19888
19808 19905
19808 19920
19808 19936
19808 19959
19808 19979
19808 19989
19808 20012
19808 20029
19808 20039
19808 20049
19808 20057
19808 20066
19808 20075
199 236
199 244
199 445
2 116
2 132
2 148
2 161
2 182
2 190
2 204
2 212
2 222
2 236
2 248
2 259
2 29
2 3
2 47
2 64
2 87
2 9
200 365
20087 20088
20087 20103
20087 20125
20087 20145
20087 20166
20087 20192
20087 20206
20087 20223
20087 20238
20087 20254
20087 20266
20087 20279
20087 20293
20087 20306
20087 20320
20087 20331
202 334
202 350
203 354
20345 20346
20345 20369
20345 20400
20345 20426
20345 20464
20345 20482
20345 20496
20345 83431
20345 83495
20345 83496
20512 20513
20512 20521
20512 20532
20512 20540
20512 20547
20512 20559
20512 20572
20512 20585
20512 20592
20512 20598
20512 20605
20512 20611
20512 20618
20512 20626
20512 20631
20636 20637
20636 20648
20636 20657
20636 20665
20636 20671
20677 20678
20677 20687
20677 20699
20677 20707
20677 20718
20677 20728
20677 20737
20677 20747
207 310
207 360
20758 20759
20758 20766
20758 20775
20758 20781
20758 20791
20758 20797
20803 20804
20803 20818
20803 20832
20803 20856
20803 20877
20803 20899
20803 83432
20803 83433
20803 83434
20803 83435
209 218
20923 20924
20923 20944
20923 20967
20923 20984
20923 21003
20923 21015
20923 21037
20923 21050
20923 21061
20923 21072
20923 21083
210 487
21093 21094
21093 21105
21093 21121
21093 21134
21093 21144
21093 21157
21093 21172
21093 21187
21093 21197
21093 21209
21093 21220
21093 21226
21093 21236
21093 21243
21093 21254
211 218
212 342
21265 21266
21265 21273
21265 21309
21265 21339
21265 21345
21265 21356
21265 21380
21265 21396
21265 21417
21265 21436
21265 21456
21265 21474
21265 83438
21265 83439
21265 83497
21265 83499
21265 84087
213 238
213 508
21492 21493
21492 21508
21492 21529
21492 21541
21492 21551
21492 21571
21492 21591
21492 21609
21492 21623
21492 21637
21492 21649
21492 21657
21492 21670
21492 21680
21492 21690
215 177
215 411
21702 21703
21702 21722
21702 21730
21702 21745
21702 21766
21702 21787
21702 21800
21702 21813
21702 21822
21702 21831
21702 21840
21702 21852
21702 21862
21702 21872
218 240
21885 21886
21885 21894
21885 21904
21885 21913
21885 21925
21885 21942
21885 21950
21885 21963
21885 21977
21885 21990
21885 22005
21885 22014
21885 22025
21885 22034
21885 22042
219 218
219 347
220 240
220 489
22052 22053
22052 22063
22052 22080
22052 22093
22052 22106
22052 83440
22052 83441
22052 83442
22052 83443
22052 83444
22052 83445
22052 83446
22135 22136
22135 22154
22135 22172
22135 22187
22135 22206
22135 22215
22135 22230
22135 22241
222 304
22252 22253
22252 22260
22252 22272
22252 22286
22252 22294
22252 22301
22252 22310
22252 22320
22252 83447
22329 22330
22329 22344
22329 22360
22329 22368
22329 22381
22329 22406
22329 22416
22329 22425
22329 83503
224 340
22439 22440
22439 22450
22439 22464
22439 22476
22439 22490
22439 22500
22439 22508
225 281
22522 22523
22522 22538
22522 22548
22522 22560
22522 22569
22522 22581
22522 22587
22522 22598
226 125
22605 22606
22605 22629
22605 22646
22605 22674
22605 22690
22605 22704
22605 22727
22605 22749
22605 22771
22605 22788
22605 22799
22605 22815
22605 22830
22605 22846
22605 22852
22605 22861
22605 22870
227 317
227 336
227 350
227 484
228 241
228 322
228 445
22875 22876
22875 22890
22875 22906
22875 22921
22875 22937
22875 22952
22875 22962
22875 22973
22875 22988
22875 22997
22875 23009
22875 23022
22875 23036
22875 23044
22875 23054
22875 23063
22875 23073
22875 23080
22875 23089
22875 23108
22875 23121
22875 23134
22875 23144
22875 23151
22875 23158
22875 23165
22875 23175
22875 23182
230 189
230 222
230 235
230 290
230 396
231 216
231 299
23189 23190
23189 23199
23189 23213
23189 23225
23189 23245
23189 23258
23189 23273
23189 23290
23189 23306
23189 23315
23189 23330
23189 23342
23189 23351
23189 23359
23189 23369
23189 23381
23189 23393
23189 23404
23189 23413
23189 23423
23189 23433
23189 23444
23189 23452
23460 23461
23460 23477
23460 23486
23460 23505
23460 23518
23460 23525
23460 23536
23460 23546
23460 23552
23460 23561
23460 23573
23460 23584
23460 23597
23460 23611
23460 23621
23460 23627
23460 23637
23460 23651
23460 23662
23460 23673
23460 23684
23460 23695
23460 23706
23460 23716
23460 23727
23460 83871
235 240
235 255
235 330
236 165
236 263
237 517
23737 23738
23737 23749
23737 23760
23737 23773
23737 23785
23737 23796
23737 23811
23737 23820
23737 23833
23737 23843
23737 23853
23737 23862
23737 23867
23737 23879
23737 23890
238 282
238 431
239 260
23903 23904
23903 23920
23903 23940
23903 23964
23903 23983
23903 24002
23903 24029
23903 24050
23903 24064
23903 24080
23903 24094
23903 24103
23903 24120
23903 24132
23903 24141
23903 24153
23903 24164
23903 24175
23903 24185
23903 24195
240 382
240 424
242 250
242 472
24202 24203
24202 24221
24202 24233
24202 24249
24202 24260
24202 24278
24202 24296
24202 24312
24202 24325
24202 24337
24202 24345
24202 24359
24202 24375
24202 24389
24202 24396
24202 24404
24202 24412
24202 24419
24202 24425
24202 24434
24202 24446
24202 24458
24202 24466
24202 24475
243 198
244 274
24484 24485
24484 24510
24484 24529
24484 24550
24484 24573
24484 24582
24484 24602
24484 24621
24484 24634
24484 24645
24484 24665
24484 24680
24484 24691
24484 24699
245 275
2452 2453
2452 2482
2452 2527
2452 2533
2452 2568
2452 2618
2452 2664
2452 2680
2452 2701
2452 2720
2452 2750
2452 2815
2452 2864
2452 2929
2452 2979
2452 3032
2452 3061
2452 3081
2452 3099
2452 3148
2452 3164
2452 3169
2452 3191
247 270
24709 24710
24709 24719
24709 24725
24709 24732
24709 24740
24709 24752
24709 24764
24709 24776
24709 24785
24709 24796
24709 24801
24709 24806
24709 24814
24709 83504
24709 83505
24709 83506
24709 83507
24709 83508
24709 83509
24709 83510
248 237
248 268
248 277
248 296
24822 24823
24822 24829
24822 24834
24822 24839
24822 24845
24850 24851
24850 24871
24850 24892
24850 24908
24850 24925
24850 24949
24850 24972
24850 83501
24850 83502
249 254
249 361
24994 24995
24994 25003
24994 25012
24994 25023
24994 25037
24994 25044
24994 25054
24994 25064
250 367
25072 25073
25072 25086
25072 25099
25072 25104
25072 25113
251 204
251 286
25120 25121
25120 25133
25120 25140
25120 25151
25120 25159
25120 25169
25120 25175
25120 83511
25181 25182
25181 25194
25181 25205
25181 25217
25181 25228
25181 25236
252 238
25245 25246
25245 25254
25245 25268
25245 25280
25245 25295
25245 25305
25316 25317
25316 25327
25316 25335
25316 25340
25316 25347
25316 25353
25316 25358
25363 25364
25363 25372
25363 25377
25363 25388
25363 25398
25363 83512
25363 83513
254 252
25406 25407
25406 25412
25406 25418
25406 25423
25429 25430
25429 25433
25429 25443
25429 25447
25429 25454
25429 25459
25429 25467
25471 25472
25471 25477
25471 25482
25471 25488
25471 25495
25471 25504
25471 25512
25471 25517
25471 25522
25471 25527
255 170
255 247
255 350
25533 25534
25533 25542
25533 25551
25533 25558
25533 25564
25533 25572
25533 25577
25533 25586
25533 25592
25533 83514
25533 83515
25533 83516
25597 25598
25597 25605
25597 25615
25597 25621
25597 25628
25597 25637
25597 25646
25597 25650
25597 25661
25597 25669
25597 25673
25597 25678
256 231
256 254
25683 25684
25683 25696
25683 25715
25683 25727
25683 25736
25683 83517
25683 83518
25683 83519
257 302
257 318
257 335
257 422
25746 25747
25746 25754
25746 25759
25746 25767
25746 25772
25746 25779
25746 25785
25746 25790
25746 25799
25746 25804
25746 25811
25746 25818
25824 25825
25824 25829
25833 25834
25833 25841
25833 25847
25833 25856
25833 25867
25833 25873
25833 25881
25886 25887
259 330
25924 25932
25924 25940
25924 25949
25924 25961
25924 25975
25989 25990
25989 25998
25989 26007
25989 26034
25989 26045
260 253
26065 26066
26065 26073
26065 26081
26065 26090
26065 26098
26065 26132
261 392
26142 26143
26142 26156
26142 26167
26142 26182
26142 26196
26142 26206
26142 26221
26142 26234
26142 26245
26142 26256
26142 26266
26142 26277
26142 26287
26142 26297
26142 26309
26142 26323
26142 26339
26142 26355
26142 26369
26142 26386
26142 26398
26142 26409
26142 26425
26142 26435
26142 26449
26142 26460
26142 26472
26142 26485
26142 26495
26142 26507
26142 26518
26142 26527
26142 26537
26142 26548
26142 26556
26142 26566
26142 26577
26142 26585
26142 26595
26142 26604
262 441
263 257
263 312
263 323
264 297
264 374
264 379
264 791
265 249
265 289
265 438
265 479
265 520
266 268
266 270
266 469
26611 26612
26611 26621
26611 26628
26611 26637
26611 26645
26611 26657
26611 26670
26611 26676
26611 26688
26611 26699
26611 26709
26611 26720
26611 26731
26611 26740
26611 26746
26611 26753
26611 26767
26611 26776
26611 26784
26611 26791
26611 26797
26611 26808
26611 26817
26611 26825
26611 26837
26611 26844
26611 26853
26611 26861
26611 26869
26611 26883
26611 26893
26611 26903
26611 26910
26611 26920
26611 26926
26611 26932
26611 26939
26611 26947
26611 26955
26611 26966
26611 26974
26611 26986
26611 26993
26611 26999
26611 27004
26611 27013
26611 27020
267 252
267 290
268 218
268 458
269 270
269 299
269 311
269 335
269 369
269 397
269 416
269 438
269 467
269 492
269 516
269 536
269 564
269 590
269 613
269 632
269 647
270 203
27026 27027
27026 27039
27026 27051
27026 27070
27026 27081
27026 27091
27026 27103
27026 27120
27026 27133
27026 27144
27026 27152
27026 27169
27026 27188
27026 27200
27026 27211
27026 27223
27026 27233
27026 27247
27026 27261
27026 27274
27026 27288
27026 27298
27026 27309
27026 27323
27026 27334
27026 27340
27026 27350
27026 27359
27026 27367
27026 27377
27026 27389
27026 27398
271 277
271 455
272 211
273 289
273 311
273 458
274 266
274 274
274 378
27407 27408
27407 27415
27407 27425
27407 27432
27407 27439
27407 27445
27407 27452
27407 27460
27407 27467
27407 27479
27407 27486
27407 27500
27407 27512
27407 27522
27407 27535
27407 27542
27407 27552
27407 27566
27407 27581
27407 27595
27407 27603
27407 27612
27407 27624
27407 27632
27407 27645
27407 27658
27407 27669
27407 27680
27407 27688
27407 27694
27407 27702
275 259
275 322
275 332
276 270
276 290
276 297
276 324
276 350
277 370
27714 27715
27714 27727
27714 27748
27714 27757
27714 27771
27714 27784
27714 27800
27714 27813
27714 27826
27714 27839
27714 27854
27714 27863
27714 27875
27714 27881
27714 27905
27714 27917
27714 27922
27714 27940
27714 27946
27714 27965
27714 27982
27714 27989
27714 28002
27714 28014
27714 28024
27714 28029
27714 28036
27714 28044
27714 28056
27714 28067
27714 28077
27714 28090
27714 28095
27714 28108
27714 28114
27714 28122
27714 28128
27714 28136
27714 28151
27714 28159
27714 28165
27714 28174
278 335
278 415
279 212
279 288
280 270
280 364
281 257
281 348
28182 28183
28182 28199
28182 28214
28182 28228
28182 28240
28182 28250
28182 28257
28182 28266
28182 28275
28182 28282
28182 28288
28182 28299
28182 28312
28182 28322
28182 28335
28182 28344
28182 28352
28182 28361
28182 28371
28182 28383
28182 28394
28182 28399
28182 28412
28182 28420
28182 28431
28182 28438
28182 28445
28182 28462
28182 28470
28182 28476
28182 28485
28182 28494
28182 28508
28182 28516
28182 28525
28182 28534
28182 28546
28182 28553
28182 28564
282 335
283 291
284 281
284 516
285 189
285 400
28573 28574
28573 28587
28573 28597
28573 28609
28573 28618
28573 28625
28573 28637
28573 28652
28573 28661
28573 28673
28573 28688
28573 28702
28573 28709
28573 28721
28573 28728
28573 28742
28573 28749
28573 28760
28573 28782
28573 28796
28573 28811
28573 28821
28573 28830
28573 28838
28573 28849
28573 28857
28573 28869
28573 28877
28573 28891
28573 28897
28573 28909
28573 28919
28573 28929
28573 28935
28573 28944
28573 28954
286 203
286 327
286 361
286 488
287 303
287 305
288 266
289 238
289 306
28960 28961
28960 28974
28960 28984
28960 28992
28960 29005
28960 29016
28960 29033
28960 29047
28960 29065
28960 29082
28960 29107
28960 29120
28960 29136
28960 29150
28960 29163
28960 29171
28960 29186
28960 29206
28960 29217
28960 29228
28960 29237
28960 29248
28960 29262
28960 29273
28960 29284
28960 29292
28960 29301
28960 29308
28960 29317
28960 29327
28960 29344
28960 29357
290 271
290 286
290 296
291 215
291 298
292 277
292 284
292 464
292 479
293 304
293 309
29369 29370
29369 29383
29369 29394
29369 29405
29369 29419
29369 29434
29369 29443
29369 29457
29369 29471
29369 29482
29369 29494
29369 29504
29369 29517
29369 29528
29369 29540
29369 29555
29369 29569
29369 29582
29369 29598
29369 29608
29369 29617
29369 29633
29369 29643
29369 29653
29369 29665
29369 29675
29369 29684
29369 29697
29369 29712
29369 29722
29369 29736
29369 29749
29369 29757
29369 29765
29369 29775
29369 29784
29369 29795
29369 29804
29369 29815
29369 29825
294 440
294 442
294 464
295 204
295 288
295 361
296 304
296 365
297 466
298 374
298 398
298 519
29834 29835
29834 29852
29834 29866
29834 29882
29834 29899
29834 29914
29834 29933
29834 29948
29834 29962
29834 29976
29834 29991
29834 30008
29834 30020
29834 30028
29834 30043
29834 30059
29834 30079
29834 30093
29834 30103
29834 30117
29834 30128
29834 30139
29834 30153
29834 30167
29834 30178
29834 30186
299 288
299 474
300 228
300 257
300 291
300 299
300 357
300 383
300 423
300 469
300 478
301 337
301 467
301 485
30197 30198
30197 30210
30197 30220
30197 30237
30197 30245
30197 30256
30197 30271
30197 30284
30197 30295
30197 30304
30197 30319
30197 30332
30197 30340
30197 30352
30197 30364
30197 30377
30197 30388
30197 30403
30197 30417
30197 30425
30197 30437
30197 30447
30197 30462
30197 30470
30197 30480
30197 30490
302 211
302 212
302 297
302 395
302 663
303 374
303 378
304 555
305 186
305 305
305 321
305 397
30503 30504
30503 30515
30503 30525
30503 30536
30503 30544
30503 30556
30503 30565
30503 30576
30503 30590
30503 30602
30503 30614
30503 30627
30503 30642
30503 30658
30503 30669
30503 30688
30503 30699
30503 30707
30503 30720
30503 30729
30503 30742
30503 30756
30503 30765
30503 30779
30503 30788
30503 30795
30503 30805
30503 30813
30503 30821
30503 30828
30503 30842
306 299
306 402
307 301
307 303
307 306
307 384
308 227
308 400
30851 30852
30851 30860
30851 30870
30851 30879
30851 30890
30851 30899
30851 30910
30851 30921
30851 30931
30851 30941
30851 30949
30851 30958
30851 30966
30851 30976
30851 30987
30851 30996
30851 31007
30851 31017
30851 31028
30851 31037
30851 31045
30851 31053
30851 31063
30851 31070
30851 31078
30851 31088
30851 31097
30851 31108
30851 31118
30851 31126
309 278
309 287
309 318
309 323
309 357
309 445
309 448
310 262
310 290
310 369
310 469
310 491
310 631
311 215
311 301
311 338
311 349
311 374
311 411
31135 31136
31135 31147
31135 31158
31135 31169
31135 31186
31135 31201
31135 31217
31135 31226
31135 31240
31135 31256
31135 31269
31135 31284
31135 31294
31135 31305
31135 31316
31135 31322
31135 31334
312 117
312 282
312 415
313 371
313 382
313 489
31345 31346
31345 31355
31345 31364
31345 31374
31345 31382
31345 31396
31345 31406
31345 31419
31345 31430
31345 31442
31345 31455
31345 31467
31345 31476
31345 31487
31345 31502
31345 31515
31345 31526
31345 31541
31345 31555
31345 31567
31345 31582
31345 31590
31345 31599
31345 31612
31345 31625
31345 31635
31345 31644
31345 31655
31345 31665
31345 31674
314 351
314 459
315 415
315 424
316 291
316 335
316 500
316 510
31685 31686
31685 31695
31685 31705
31685 31713
31685 31721
31685 31730
31685 31741
31685 31749
31685 31761
31685 31773
31685 31782
31685 31791
31685 31799
31685 31813
31685 31821
31685 31829
31685 31838
31685 31845
31685 31857
31685 31865
31685 31872
31685 31881
31685 31889
317 394
318 322
318 533
31896 31897
31896 31914
31896 31922
31896 31931
31896 31945
31896 31958
31896 31970
31896 31983
31896 31994
31896 32008
31896 32019
31896 32031
31896 32046
31896 32055
31896 32067
31896 83521
319 321
319 372
319 397
319 426
320 273
320 486
3205 3206
3205 3264
3205 3280
3205 3320
3205 3397
3205 3447
3205 3472
3205 3523
3205 3564
3205 3598
3205 3633
3205 3672
3205 3730
3205 3749
3205 3797
3205 3837
3205 3867
3205 3892
3205 3916
3205 3943
3205 3983
3205 4004
3205 4021
3205 4033
3205 4057
3205 4069
3205 4079
32077 32078
32077 32095
32077 32102
32077 32114
32077 32131
32077 32140
321 330
321 404
32152 32153
32152 32158
32152 32165
32152 32171
32152 32177
32152 32182
32152 32188
32193 32194
32193 32199
32193 32206
32193 32219
32193 32226
32193 32233
32193 32239
32193 32243
32193 32247
32193 32254
32193 32262
32193 32271
32193 32279
32193 32286
32193 32295
32193 32302
32193 32309
32193 32314
32193 32319
32193 32324
32193 32329
32193 32334
32193 32339
32193 32344
32193 32349
32193 32355
32193 32360
32193 32365
32193 32370
322 337
322 359
322 471
322 708
323 363
323 391
323 487
32375 32376
32375 32381
32375 32386
32375 32392
32375 32397
32403 32415
32403 32422
32403 32433
32403 32438
32403 32443
32403 32456
32403 32462
32403 32467
32472 32487
32472 32495
32472 32500
32472 32507
32472 32520
32472 32526
32472 32531
32472 32539
325 204
325 243
325 347
325 349
325 419
325 538
325 618
32547 32548
32547 32554
32547 32561
32566 32567
32566 32574
32566 32579
32566 32585
32566 32592
32566 32603
32566 32613
32566 32622
32566 32631
32566 32639
326 285
326 403
32646 32647
32646 32655
32646 32664
32646 32669
32677 32690
32677 32707
32677 32724
32677 32742
32677 32803
32677 32816
32677 32831
32677 32842
32677 32857
32677 32873
32677 83522
32677 83523
32677 83524
32677 83525
32677 83526
32677 83527
32677 83528
32677 83529
32677 83530
32677 83531
32677 83532
32677 83533
32677 83534
32677 83535
327 253
327 345
327 388
327 480
327 493
328 237
328 306
328 312
328 326
328 342
329 208
329 306
329 371
32986 32987
32986 32998
32986 33011
32986 33023
32986 33033
32986 33046
32986 33062
32986 33077
32986 33090
32986 33100
32986 33113
32986 33126
32986 33140
32986 33151
32986 33167
32986 33178
32986 33195
32986 33216
32986 33230
32986 33249
32986 33266
32986 33286
32986 33299
32986 33314
32986 33322
32986 33330
32986 33337
330 220
330 268
330 307
330 312
330 350
330 352
330 357
330 387
330 426
331 226
331 327
331 348
331 360
332 376
332 381
332 386
332 430
332 437
333 396
333 404
33345 33346
33345 33366
33345 33381
33345 33395
33345 33414
33345 33428
33345 33446
33345 33461
33345 33481
33345 33498
33345 33506
33345 33520
33345 33532
33345 33545
33345 33559
33345 33574
33345 33584
33345 33591
334 273
334 341
334 398
334 467
335 445
335 454
336 311
336 315
336 402
336 417
33603 33604
33603 33620
33603 33629
33603 33646
33603 33660
33603 33679
33603 33693
33603 33709
33603 33730
33603 33748
33603 33760
33603 33772
33603 33790
33603 33804
33603 33821
33603 33839
33603 33848
33603 33866
33603 33883
33603 33892
337 205
337 221
337 411
337 475
338 149
338 236
339 275
339 295
339 360
339 385
339 650
33902 33903
33902 33922
33902 33943
33902 33967
33902 33989
33902 34014
33902 34036
33902 34069
33902 34092
33902 34106
33902 34126
33902 34143
33902 34173
33902 34187
33902 34209
33902 34233
33902 34256
33902 34268
33902 34285
33902 34300
33902 34312
33902 34332
33902 34340
33902 34352
33902 34362
33902 34374
340 317
340 324
340 453
340 476
340 512
342 287
342 289
342 307
342 583
343 217
343 232
343 341
343 381
343 390
343 410
343 552
34389 34390
34389 34423
34389 34481
34389 34522
34389 34540
34389 34562
34389 34588
34389 34616
34389 34643
34389 34671
34389 34713
34389 34763
34389 34804
34389 34823
34389 34849
34389 34871
344 291
344 382
344 406
344 481
344 488
345 271
345 363
346 204
346 355
346 365
346 398
346 428
347 271
347 317
347 405
347 408
348 296
348 323
348 331
348 334
349 248
349 295
349 355
349 429
34900 34901
34900 34919
34900 34941
34900 34959
34900 34981
34900 34996
34900 35021
34900 35041
34900 35063
34900 35084
34900 35101
34900 35121
34900 35137
34900 35154
34900 35172
350 212
350 258
350 356
351 218
351 278
351 343
35181 35182
35181 35203
35181 35224
35181 35233
35181 35246
35181 35264
35181 35280
35181 35296
35181 35311
35181 35328
35181 35342
35181 35358
35181 35388
35181 35409
35181 35424
35181 35444
35181 35465
35181 35482
35181 35511
35181 35533
35181 35554
352 321
352 326
352 332
352 349
352 367
352 443
352 515
353 171
353 301
354 185
354 237
354 298
355 234
355 393
355 405
355 479
35575 35576
35575 35587
35575 35608
35575 35624
35575 35645
35575 35655
35575 35669
35575 35683
35575 35696
35575 35712
35575 35729
35575 35742
35575 35756
35575 35770
35575 35787
35575 35801
35575 35818
35575 35832
35575 35851
356 240
356 267
356 397
356 398
357 341
357 346
357 363
357 414
357 448
358 212
358 276
358 295
358 338
358 464
358 476
35862 35863
35862 35880
35862 35897
35862 35917
35862 35936
35862 35957
35862 35976
35862 35984
35862 36003
35862 36020
35862 36035
35862 36054
35862 36069
35862 36089
35862 36109
35862 36128
35862 36145
35862 36164
35862 36184
35862 36203
35862 36222
35862 36236
35862 36250
35862 36258
35862 36267
35862 36277
360 341
360 367
360 406
360 419
360 472
361 296
362 263
362 283
362 371
362 384
362 453
362 465
362 518
36290 36291
36290 36305
36290 36318
36290 36331
36290 36346
36290 36363
36290 36378
36290 36396
36290 36412
36290 36427
36290 36442
36290 36457
363 269
363 335
363 349
363 361
363 369
363 378
363 403
363 413
363 558
364 334
364 368
364 393
36470 36471
36470 36490
36470 36498
36470 36515
36470 36524
36470 36539
36470 36551
36470 36565
36470 36581
36470 36590
36470 36598
36470 36610
36470 36626
36470 36638
36470 36651
36470 36667
36470 36678
36470 36694
36470 36705
36470 36723
36470 36741
36470 36753
36470 36768
36470 36774
36470 36783
365 353
365 356
365 374
366 369
366 528
367 351
367 460
367 479
36790 36791
36790 36802
36790 36812
36790 36825
36790 36837
36790 36847
36790 36858
36790 36868
36790 36880
36790 36893
36790 36904
36790 36913
36790 36925
36790 36939
36790 36950
36790 36964
36790 36975
368 291
368 351
368 360
368 380
368 386
368 387
368 390
368 416
369 370
36985 36986
36985 37001
36985 37018
36985 37032
36985 37043
36985 37053
36985 37063
36985 37073
36985 37082
36985 37093
36985 37102
36985 37115
36985 37132
36985 37147
36985 37158
36985 37170
36985 37180
36985 37190
36985 37198
36985 37206
370 385
370 473
370 504
371 300
371 307
371 348
371 414
371 500
372 372
37214 37215
37214 37228
37214 37248
37214 37269
37214 37286
37214 37300
37214 37314
37214 37329
37214 37344
37214 37357
37214 37372
37214 37383
37214 37396
37214 37414
37214 37424
37214 37434
37214 37463
37214 37485
37214 37504
373 315
373 408
374 269
374 279
374 297
374 337
374 409
374 437
374 445
375 380
375 477
37514 37515
37514 37528
37514 37547
37514 37558
37514 37576
37514 37594
37514 37605
37514 37617
37514 37643
37514 37672
37514 37688
37514 37709
37514 37739
37514 37766
37514 37792
37514 37807
376 298
376 309
376 449
377 235
377 244
377 370
377 480
377 493
378 290
378 325
378 350
378 481
378 634
37826 37827
37826 37846
37826 37863
37826 37880
37826 37896
37826 37920
37826 37942
37826 37966
37826 37988
37826 38012
37826 38048
37826 38072
37826 38100
37826 38115
379 381
379 409
379 469
380 349
380 362
380 366
381 395
381 483
38136 38137
38136 38154
38136 38172
38136 38191
38136 38222
38136 38243
38136 38265
38136 38284
38136 38314
38136 38338
38136 38368
38136 38393
38136 38412
38136 38424
38136 38440
38136 38459
38136 38482
38136 38498
38136 38512
38136 38534
38136 38547
382 328
382 367
382 374
382 442
383 245
383 323
383 339
384 335
384 350
384 660
385 111
385 252
385 296
385 323
385 382
385 435
385 494
38564 38565
38564 38581
38564 38607
38564 38622
38564 38639
38564 38651
38564 38664
38564 38675
38564 38687
386 251
386 517
386 564
387 384
387 406
387 420
387 441
387 583
38706 38707
38706 38726
38706 38739
38706 38755
38706 38774
38706 38786
38706 38803
38706 38812
38706 38825
38706 38838
38706 38842
38706 38858
38706 38874
38706 38887
38706 38899
38706 38908
388 313
388 319
388 359
388 386
388 407
389 299
389 379
389 392
389 405
389 421
389 453
38917 38918
38917 38938
38917 38951
38917 38972
38917 38993
38917 39011
38917 39033
38917 39050
38917 39069
38917 39087
38917 39103
38917 39123
38917 39145
38917 39166
390 301
390 349
390 405
390 424
390 446
391 234
391 387
391 448
391 498
391 506
391 624
39181 39182
39181 39196
39181 39212
39181 39226
39181 39244
39181 39262
39181 39279
39181 39290
39181 39301
39181 39318
39181 39329
39181 39339
39181 39356
39181 39370
39181 39380
39181 39390
39181 39402
39181 39414
39181 39425
393 356
393 428
394 354
394 447
394 624
39436 39437
39436 39457
39436 39471
39436 39497
39436 39512
39436 39527
39436 39544
39436 39559
39436 39576
39436 39597
39436 39611
39436 39623
39436 39638
39436 39652
39436 39665
39436 39678
39436 39692
39436 39706
39436 39721
39436 39735
395 402
395 406
396 257
396 359
396 401
396 456
397 206
397 311
397 350
397 359
397 379
39746 39747
39746 39760
39746 39775
39746 39794
39746 39809
39746 39823
39746 39840
39746 39859
39746 39869
39746 39882
39746 39895
39746 39912
39746 39929
39746 39945
39746 39964
39746 39985
39746 40002
39746 40018
39746 40031
39746 40044
398 365
398 400
398 406
399 285
399 291
399 398
399 402
399 403
399 494
399 623
399 67
400 212
400 277
400 289
400 341
400 342
400 353
400 382
400 447
40053 40054
40053 40070
40053 40088
40053 40107
40053 40127
40053 40148
40053 40169
40053 40185
40053 40203
40053 40221
40053 40239
40053 40261
40053 40280
40053 40294
40053 40305
401 296
401 373
401 394
401 400
401 411
401 546
402 426
402 509
402 702
403 222
403 324
403 388
403 401
403 402
403 465
40317 40318
40317 40333
40317 40349
40317 40361
40317 40371
40317 40382
40317 40397
40317 40413
40317 40439
40317 40463
40317 40481
40317 40504
40317 40519
40317 40539
40317 40550
40317 40567
40317 40584
40317 40598
40317 40610
404 467
405 227
405 308
405 442
405 444
405 643
406 361
406 413
406 435
40622 40623
40622 40634
40622 40647
40622 40660
40622 40676
40622 40696
40622 40714
40622 40733
40622 40754
40622 40776
40622 40797
40622 40814
40622 40833
40622 40852
407 278
407 406
407 428
408 452
40859 40860
40859 40874
40859 40893
40859 40911
40859 40932
40859 40946
40859 40962
40859 40980
40859 40991
40859 41015
40859 41026
40859 41048
40859 41068
40859 41087
40859 41108
40859 41129
40859 41141
40859 41154
4086 4087
4086 4112
4086 4129
4086 4148
4086 4178
4086 4189
4086 4204
4086 4224
4086 83455
4086 83456
409 373
409 377
409 398
409 409
409 553
409 619
409 647
410 265
410 387
410 398
410 423
411 346
411 362
411 459
41165 41166
41165 41188
41165 41207
41165 41223
41165 41236
41165 41250
41165 41265
41165 41288
41165 41309
41165 41333
41165 41344
41165 41358
41165 41381
41165 41400
41165 41420
41165 41432
41165 41454
412 266
412 316
412 411
412 432
412 488
412 514
413 292
413 329
413 409
413 413
413 420
413 610
414 411
41480 41481
41480 41488
41480 41494
415 351
415 393
415 398
415 660
41501 41502
41501 41514
41501 41522
41501 41532
41501 41544
41558 41559
41558 41566
41558 41573
41558 41580
41585 41586
41585 41602
41585 41612
41585 41623
41585 41631
41585 41645
41585 41658
41585 41669
41585 41677
41585 41686
41585 41699
41585 41711
41585 41728
41585 41745
41585 41760
41585 41771
416 371
416 411
416 413
416 469
417 427
41779 41780
41779 41794
41779 41808
41779 41819
418 261
418 444
418 542
41831 41832
41831 41840
41831 41846
41831 41855
41864 41865
41864 41881
41864 41890
41864 41902
41864 41910
41864 41917
41864 41926
41864 41934
41864 41940
41864 41945
41864 41952
41864 41960
419 253
419 366
419 395
41965 41969
41965 41974
41965 41980
41965 41984
41965 41988
41965 41993
41965 41997
41965 42008
41965 42017
41965 42024
41965 42033
41965 42053
420 260
420 323
420 406
42058 42059
42058 42074
42058 42082
42058 42096
42058 42108
42058 42116
42058 42123
42058 42129
42058 42135
42058 42145
42058 42157
42058 42166
42058 42177
42058 42184
42058 42192
42058 42200
42058 42209
42058 42215
421 365
421 673
422 323
422 357
422 483
422 589
42221 42228
42221 42236
42221 42241
42221 42247
42221 42253
42221 42263
42221 42268
42221 42275
42221 42280
42221 42286
42221 42293
42221 42299
42221 42308
42221 42313
42221 42319
423 370
423 380
423 439
42325 42326
42325 42331
42325 42335
42325 42341
42325 42345
42325 42348
42325 42351
42325 42355
42325 42359
42325 42363
42325 42366
42325 42369
42325 42373
42325 42381
4233 4234
4233 4242
4233 4268
4233 4285
4233 4311
4233 4321
4233 4329
4233 4336
4233 4348
4233 4355
4233 4360
42386 42387
42386 42400
42386 42414
42386 42428
42386 42454
42386 42474
42386 42492
42386 42502
42386 42511
42386 42523
42386 42540
42386 42559
424 352
424 417
424 445
424 454
424 471
425 187
425 298
425 375
425 401
425 424
425 473
42570 42571
42570 42594
42570 42606
42570 42626
42570 42642
42570 42657
42570 42664
42570 42683
42570 42699
42570 42714
42570 42733
42570 42754
42570 42771
42570 42782
42570 42794
42570 42813
42570 42829
42570 42849
42570 42867
42570 42876
42570 42890
426 346
426 560
426 714
427 366
427 403
427 511
427 525
427 642
428 219
428 302
428 319
428 341
428 389
428 401
428 417
42897 42898
42897 42916
42897 42928
42897 42939
42897 42950
42897 42966
42897 42979
42897 42987
42897 43000
42897 43009
42897 43021
42897 43035
42897 43046
42897 43061
429 288
429 404
429 415
429 443
429 472
430 430
43069 43070
43069 43085
43069 43103
43069 43123
43069 43137
43069 43151
43069 43163
43069 43175
43069 43189
43069 43210
43069 43228
43069 43247
43069 43257
43069 43274
43069 43292
43069 43303
43069 43313
43069 43332
43069 43352
431 380
431 415
432 386
432 446
432 457
432 465
432 477
433 235
433 430
433 431
433 434
433 467
43360 43361
43360 43373
43360 43386
43360 43402
43360 43418
43360 43430
43360 43446
43360 43459
43360 43468
43360 43480
43360 43493
43360 43503
43360 43515
43360 43526
43360 43541
43360 43556
43360 43569
43360 43579
43360 43590
43360 43601
43360 43610
43360 43621
434 371
434 394
434 469
434 496
434 518
435 423
435 462
435 463
435 520
435 540
435 556
436 361
436 451
436 485
436 492
4362 4363
4362 4410
4362 4454
4362 4507
4362 4550
4362 4620
4362 4648
4362 4689
4362 4709
4362 4746
4362 4793
4362 4835
4362 4858
4362 4882
4362 4903
4362 4925
4362 4947
43630 43631
43630 43644
43630 43665
43630 43682
43630 43699
43630 43712
43630 43724
43630 43735
43630 43744
43630 43760
43630 43782
43630 43796
43630 43808
43630 43818
43630 43836
43630 43860
43630 43878
43630 43888
43630 43899
43630 43912
43630 43923
43630 43936
43630 43946
43630 43958
43630 43971
43630 43984
439 403
439 416
439 424
439 448
439 466
43993 43994
43993 44005
43993 44014
43993 44025
43993 44041
43993 44054
43993 44068
43993 44086
43993 44100
43993 44118
43993 44133
43993 44143
43993 44151
43993 44170
43993 44185
43993 44198
43993 44214
43993 44230
43993 44246
43993 44259
43993 44269
43993 44282
43993 44293
43993 44303
43993 44321
43993 44334
43993 44345
43993 44359
43993 44366
43993 44375
43993 44389
43993 44397
43993 44406
440 258
440 379
440 408
440 442
440 469
441 300
441 347
441 356
441 368
441 378
441 386
441 443
441 482
442 310
442 455
442 467
444 306
444 549
44417 44418
44417 44426
44417 44433
44417 44444
44417 44456
44417 44470
44417 44482
44417 44494
44417 44502
44417 44511
44417 44524
44417 44532
44417 44545
44417 44555
44417 44565
44417 44576
44417 44589
44417 44596
44417 44609
44417 44622
44417 44634
445 212
445 460
445 662
446 203
446 412
44643 44644
44643 44651
44643 44657
44643 44668
44643 44677
44643 44688
44643 44697
44643 44704
44643 44717
44643 44729
44643 44738
44643 44746
44643 44754
44643 44763
44643 44771
44643 44777
44643 44786
44643 44794
44643 44803
44643 44811
44643 44820
44643 44828
44643 44835
44643 44843
44643 44851
44643 44858
44643 44866
44643 44879
44643 44890
44643 44903
44643 44913
447 401
447 439
447 487
447 509
447 612
448 311
448 439
448 448
448 459
448 522
449 337
449 363
449 421
449 460
449 570
44923 44924
44923 44930
44923 44938
44923 44947
44923 44957
44923 44968
44923 44978
44923 44985
44923 44996
44923 45002
44923 45010
44923 45017
44923 45029
44923 45048
44923 45065
44923 45076
44923 45095
44923 45102
44923 45115
44923 45125
44923 45133
44923 45143
44923 45149
44923 45156
450 298
450 322
450 410
450 443
450 447
450 470
45165 45166
45165 45179
45165 45189
45165 45200
45165 45205
45165 45217
45165 45229
45165 45242
45165 45255
45165 45268
45165 45278
45165 45290
45165 45304
45165 45313
45165 45325
45165 45340
45165 45348
45165 45357
45165 45364
45165 45371
45165 45380
45165 45388
45165 45398
452 249
452 328
452 442
452 481
453 450
453 575
453 643
454 279
454 503
454 726
45407 45408
45407 45417
45407 45428
45407 45437
45407 45445
45407 45453
45407 45462
45407 45469
45407 45482
45407 45489
45407 45500
45407 45509
45407 45518
45407 45529
45407 45535
45407 45545
45407 45553
455 261
455 451
455 458
45561 45562
45561 45575
45561 45585
45561 45593
45561 45604
45561 45615
45561 45630
45561 45647
45561 45662
45561 45682
45561 45700
45561 45714
45561 45735
45561 45753
45561 45772
45561 45790
45561 45803
45561 45822
45561 45836
45561 45851
45561 45864
45561 45878
45561 45890
45561 45905
456 297
456 349
456 452
457 368
457 421
457 471
457 589
458 420
458 448
458 449
458 689
459 451
459 454
459 503
459 621
45916 45917
45916 45931
45916 45944
45916 45952
45916 45965
45916 45983
45916 46009
45916 46025
45916 46041
45916 46061
45916 46076
45916 46095
45916 46111
45916 46126
45916 46142
45916 46160
45916 46186
45916 46196
45916 46217
45916 46236
45916 46252
45916 46268
45916 46280
45916 46297
460 442
460 450
460 464
460 485
460 489
460 507
460 621
461 199
461 418
461 426
461 501
462 192
462 198
462 335
463 294
463 329
463 343
463 393
463 468
463 481
463 581
46306 46307
46306 46328
46306 46349
46306 46369
46306 46389
46306 46405
46306 46425
46306 46450
46306 46475
46306 46498
46306 46522
46306 46545
46306 46566
46306 46591
46306 46611
46306 46627
46306 46643
46306 46660
465 425
465 463
465 504
465 607
46678 46679
46678 46699
46678 46718
46678 46739
46678 46753
46678 46773
46678 46793
46678 46811
46678 46831
46678 46848
46678 46866
46678 46883
46678 46900
46678 46916
46678 46931
46678 46952
46678 46969
46678 46988
467 294
467 328
467 344
468 360
468 394
468 450
468 488
468 576
469 370
469 451
469 505
469 542
469 557
470 472
470 714
47001 47002
47001 47016
47001 47035
47001 47049
47001 47063
47001 47073
47001 47092
47001 47112
47001 47133
47001 47154
47001 47169
47001 47191
47001 47206
47001 47222
47001 47236
47001 47250
47001 47267
47001 47279
47001 47291
47001 47303
47001 47317
471 436
471 470
471 475
471 586
472 395
472 433
472 459
472 461
472 471
472 473
473 469
47329 47330
47329 47340
47329 47350
47329 47370
47329 47393
47329 47412
47329 47427
47329 47441
47329 47456
47329 47468
47329 47480
47329 47497
47329 47510
47329 47526
47329 47548
47329 47555
47329 47580
47329 47598
47329 47605
47329 47622
474 438
474 451
474 467
474 519
474 531
474 543
474 620
475 306
475 441
475 483
475 486
476 289
476 336
47634 47635
47634 47650
47634 47663
47634 47683
47634 47701
47634 47710
47634 47718
47634 47733
47634 47747
47634 47762
47634 47781
47634 47796
47634 47812
47634 47831
47634 47845
477 251
477 303
477 479
477 514
477 549
477 557
477 594
478 411
478 712
47856 47857
47856 47866
47856 47880
47856 47891
47856 47904
47856 47925
47856 47940
47856 47956
47856 47974
47856 47989
47856 48006
47856 48022
47856 48037
47856 48051
47856 48063
47856 48076
47856 48089
47856 48099
479 433
480 306
480 370
480 432
480 463
480 465
480 486
480 491
481 327
48110 48111
48110 48127
48110 48142
48110 48155
48110 48166
48110 48180
48110 48195
48110 48213
48110 48226
48110 48243
48110 48258
48110 48271
48110 48284
48110 48292
48110 48302
48110 48313
48110 48324
48110 48332
48110 48338
482 304
482 361
482 423
483 257
483 341
483 457
483 469
483 479
483 757
48347 48348
48347 48365
48347 48384
48347 48390
48347 48414
48347 48420
48347 48437
48347 48455
48347 48479
48347 48505
48347 48531
48347 48557
48347 48584
48347 48608
48347 48630
48347 48649
48347 48674
48347 48695
48347 48708
48347 48725
48347 48736
48347 48749
48347 48756
48347 48769
48347 48784
48347 48790
48347 48798
48347 83884
484 440
484 445
484 495
485 287
485 324
485 325
485 326
485 507
485 749
486 335
486 356
486 505
487 443
487 504
488 511
488 538
48805 48806
48805 48816
48805 48835
48805 48850
48805 48875
48805 48888
48805 48907
48805 48920
48805 48938
48805 48957
48805 48971
48805 48995
48805 49013
48805 49033
48805 49050
48805 49068
48805 49086
48805 49105
48805 49125
48805 49142
489 426
489 431
489 472
489 502
490 359
490 493
490 499
491 475
491 481
491 546
491 596
49154 49155
49154 49165
49154 49175
49154 49193
49154 49213
49154 49237
49154 49261
49154 49272
49154 49293
49154 49315
49154 49333
49154 49356
49154 49378
49154 49396
49154 49414
49154 49425
49154 49441
49154 49462
49154 49481
49154 49500
49154 49521
49154 49541
49154 49562
49154 49576
49154 49598
49154 49616
49154 49646
492 352
492 418
492 481
493 222
493 445
493 448
493 496
493 504
494 487
494 781
495 289
495 292
495 309
495 344
495 374
495 465
495 556
496 209
496 393
496 462
49656 49657
49656 49684
49656 49710
49656 49725
49656 49749
49656 49773
49656 49790
49656 49804
49656 49820
49656 49842
49656 49866
49656 49892
49656 49915
49656 49938
49656 49960
49656 49977
49656 49999
49656 50017
497 433
497 477
497 545
497 559
498 369
498 464
498 532
498 742
4989 4990
4989 5011
4989 5027
4989 5045
4989 5074
4989 5093
4989 5104
4989 5118
4989 5127
499 328
499 465
500 496
500 500
500 503
50031 50032
50031 50046
50031 50058
50031 50071
50031 50082
50031 50101
50031 50115
50031 50138
50031 50154
50031 50169
50031 50183
50031 50200
50031 50214
50031 50238
50031 50257
50031 50277
50031 50295
50031 50309
501 488
501 515
502 444
502 461
503 349
503 532
503 562
503 678
50331 50332
50331 50345
50331 50358
50331 50377
50331 50392
50331 50413
50331 50432
50331 50447
50331 50458
50331 50479
50331 50489
50331 50502
50331 50517
50331 50524
504 785
50532 50533
50532 50551
50532 50574
50532 50585
50532 50604
50532 50632
50532 50645
50532 50659
50532 50674
50532 50687
50532 50700
50532 50714
50532 50725
506 352
506 417
506 513
506 612
507 423
507 502
50735 50736
50735 50753
50735 50761
50735 50773
50735 50782
50735 50803
50735 50818
50735 50839
50735 50848
50735 50861
50735 50876
50735 50891
50735 50907
50735 50918
50735 50934
50735 50946
50735 50963
50735 50978
50735 50994
50735 51012
50735 51023
50735 51032
50735 51042
50735 51047
50735 51067
50735 51077
50735 51085
508 334
508 395
508 430
508 494
508 516
509 251
509 337
509 511
51095 51096
51095 51111
51095 51129
51145 51146
51145 51154
51145 51162
51170 51171
51170 51183
51170 51195
51170 51208
51170 51220
512 650
51233 51234
51233 51241
51233 51248
51233 83538
51233 83539
51268 51269
51268 51281
51268 51292
51268 83540
513 246
513 481
51306 51307
51306 51316
51327 51328
51327 51338
51327 51348
51358 51359
51358 51364
51358 51370
51358 51377
51358 51384
51358 51397
51358 51403
51358 51410
51358 51418
51358 51427
51358 51433
51358 51439
51358 51445
51358 51452
51358 51464
51358 51469
51358 51476
51358 51482
51358 51487
51358 51492
51358 51497
51358 51502
51358 51508
51358 51513
51358 51520
51358 51527
51358 51533
51358 51539
51358 51545
5138 5139
5138 5152
5138 5173
5138 5187
5138 5211
5138 5221
5138 5231
5138 5244
5138 5254
5138 5265
5138 5275
514 275
514 416
514 436
514 642
515 326
515 589
515 691
51550 51551
51550 51560
51550 51570
51579 51580
51579 51588
51579 51601
51579 51611
51579 51626
51579 51636
51579 51643
51579 51653
51579 51663
51579 51677
51579 51686
51579 51695
51579 51705
51579 51717
51579 51732
51579 51743
51579 51757
51579 51773
51579 51785
51579 51796
51579 51808
51579 51813
51579 51825
51579 51835
51579 51845
51579 51850
51579 51861
51579 51872
51579 51883
51579 51894
51579 51903
51579 83878
51579 83879
51579 83880
51579 83881
517 495
518 537
519 540
51913 51914
51913 51929
51913 51941
51913 51953
51913 51968
51913 51981
51913 51994
51913 52004
51913 52017
51913 52038
51913 52051
51913 52069
51913 52085
51913 52100
51913 52117
51913 52130
51913 52141
51913 52155
51913 52171
51913 52194
51913 52205
51913 52219
51913 52230
51913 52241
51913 52249
51913 52256
51913 52266
51913 52277
520 486
520 582
521 522
522 328
52287 52288
52287 52298
52287 52307
52287 52322
52287 52333
52287 52344
52287 52355
52287 52367
52287 52380
52287 52388
52287 52397
52287 52411
52287 52421
52287 52435
52287 52446
52287 52461
52287 52470
52287 52478
52287 52493
52287 52502
52287 52514
52287 52526
52287 52533
52287 52542
52287 52549
52287 52557
52287 52566
52287 52574
52287 52584
523 509
523 662
524 587
524 636
525 473
52593 52594
52593 52610
52593 52622
52593 52633
52593 52643
52593 52661
52593 52676
52593 52692
52593 52707
52593 52717
52593 52730
52593 52740
52593 52751
52593 52759
52593 52773
52593 52783
52593 52798
52593 52814
52593 52824
52593 52835
52593 52845
52593 52857
52593 52865
52593 52880
52593 52891
52593 52905
52593 52919
52593 52927
52593 83885
526 503
5286 5287
5286 5324
5286 5342
5286 5356
5286 5394
5286 5443
5286 83451
5286 83452
5286 83453
529 540
529 543
52936 52937
52936 52946
52936 52953
52936 52961
52936 52967
52936 52978
52936 52987
52936 53004
52936 53017
52936 53025
52936 53037
52936 53045
530 371
530 517
53054 53055
53054 53062
53054 53068
53054 53073
53054 53080
53054 53086
53054 53091
53054 53098
531 527
53106 53107
53106 53120
53106 53131
53106 53146
53106 53157
53106 53166
53179 53180
53179 53190
53179 53198
53179 53234
532 316
53242 53243
53242 53256
53242 53268
53242 53277
53242 53288
53299 53300
53299 53311
53299 53322
53299 53332
53299 53348
53299 53361
53299 53377
53299 53393
53299 53412
53299 53425
534 558
534 783
53439 53440
53439 53446
53439 53467
53439 53486
53439 53494
53439 53501
535 536
535 569
53508 53509
53508 53522
53508 53532
53508 53550
53508 53559
53508 53568
53508 53576
53586 53587
53586 53604
53586 53618
53586 53637
536 497
53650 53651
53650 53661
53650 53671
53650 53678
537 259
537 438
537 492
537 649
53727 53728
53727 53735
53727 53746
53727 53759
53727 53771
53727 53786
53727 53795
53727 53804
538 316
538 481
538 539
538 600
53814 53815
53814 53830
53814 53852
53814 53868
53814 53886
53814 53902
53814 53932
53814 53947
53814 53961
539 388
53972 53973
53972 53984
53972 53996
53972 54008
540 495
54021 54022
54021 54034
54021 54045
54021 54062
54021 54069
54021 54080
54021 54094
54021 54105
54021 54111
54021 54118
541 632
54123 54124
54123 54139
54123 54153
54123 54163
54123 54179
54123 54189
54123 54200
54123 54211
54123 54219
54123 54229
54123 54240
54123 54251
542 347
542 555
542 561
542 650
54260 54261
54260 54266
54260 54272
54260 54280
54260 54288
54260 54296
54260 54302
54260 54314
54260 54322
54260 54332
54260 54338
54260 54344
54260 54349
54260 54356
54260 54363
54260 54368
54260 54375
54260 54383
54260 54389
54260 54395
544 342
544 392
544 400
54400 54401
54400 54409
54400 54418
54400 54428
54400 54435
54400 54444
54400 54455
54400 54468
54400 54474
54400 54479
54400 54491
54400 54502
54400 54511
54400 54519
54400 54525
54400 54532
54400 54537
54400 54546
54400 54553
54400 54558
54400 54567
54400 54575
54400 54580
54400 54585
545 600
54590 54591
54590 54606
54590 54614
54590 54621
54590 54628
54590 54641
54590 54650
54590 54660
546 542
5463 5464
5463 5482
5463 5517
5463 5552
5463 5581
5463 5634
5463 5654
5463 5671
5463 83454
5463 83457
54666 54667
54666 54680
54666 54693
54666 54709
54666 54718
54666 54728
54666 54746
54666 54758
54666 54767
54666 54774
54666 54781
54666 54794
54666 54807
54666 54818
54666 54824
54666 54831
54666 54837
54666 54843
547 429
547 477
547 504
548 408
548 414
548 476
54853 54854
54853 54859
54853 54874
54853 54885
54853 54893
54853 54903
54853 54912
54853 54919
549 459
549 549
549 675
54925 54926
54925 54937
54925 54947
54925 54958
54925 54964
54925 54974
54982 54983
54982 54990
54982 54998
54982 55003
54982 55015
55026 55027
55026 55035
55026 55041
55026 55050
55026 55060
55066 55094
55066 55107
55066 55120
55066 55138
55066 55146
55066 55160
55066 55170
55066 55186
55066 55197
55066 55209
55066 55237
55066 55250
55066 55259
55066 55265
55066 55270
55066 55281
55066 55286
55066 55293
55066 55300
55066 55309
55066 55317
55066 55323
55066 55329
55066 55338
551 228
553 414
553 534
55347 55348
55347 55362
55347 55370
55347 55384
55347 55395
55347 55407
55347 55418
55347 55426
55347 55440
55347 55449
55347 55461
55347 55469
55347 55474
55347 55485
55347 55493
55347 55500
55347 55508
55347 55518
55347 55526
55347 55538
55347 55547
55347 55555
55347 55561
55347 55568
55347 55573
55347 55578
55347 55585
55347 55593
55347 55598
55347 55603
55347 55610
55347 55615
554 644
555 363
555 495
555 577
555 600
555 631
55620 55621
55620 55633
55620 55646
55620 55655
55620 55668
55620 55678
55620 55686
55620 55696
55620 55710
55620 55716
55620 55721
55620 55727
55620 55734
55620 55739
55620 55748
55620 55757
55620 55764
55620 55774
55620 55779
55620 55786
55620 55794
55620 55800
55620 55805
55620 55813
557 386
557 514
558 435
558 516
55819 55820
55819 55830
55819 55843
55819 55850
55819 55859
55819 55866
55819 55873
55819 55882
55819 55900
55819 55910
55819 55927
55819 55947
55819 55952
55819 55962
55819 55972
55819 55985
55819 56000
55819 56008
55819 56017
55819 56025
55819 56031
55819 56036
55819 56041
55819 56046
559 411
559 542
560 234
560 237
560 545
560 557
56051 56052
56051 56069
56051 56089
56051 56110
56051 56125
56051 56136
56051 56148
56051 56163
56051 56172
56051 56180
56051 56186
56051 56193
56051 56201
56051 56206
56051 56218
56051 56225
56051 56236
561 486
56244 56245
56244 56256
56244 56269
56244 56286
56244 56295
56244 56310
56244 56329
56244 56349
56244 56366
56244 56379
56244 56399
56244 56412
56244 56426
56244 56447
56244 56454
56244 56462
56244 56468
56244 56476
56244 83886
563 649
563 663
564 423
564 476
564 555
56489 56490
56489 56499
56489 56510
56489 56520
56489 56533
56489 56541
56489 56550
56489 56556
56489 56569
56489 56579
56489 56588
56489 56595
56489 56601
56489 56608
56489 56613
56489 56624
56489 56631
56489 56640
56489 56648
56489 56658
56489 56666
565 305
565 540
566 641
566 660
56671 56672
56671 56691
56671 56699
56671 56718
56671 56724
56671 56739
56671 56764
56671 56782
56671 56798
56671 56805
56671 56815
56671 56826
56671 56835
56671 56848
56671 56857
56671 56871
56671 56878
56671 56884
56671 56892
56671 56897
56671 83887
567 416
569 406
569 727
56904 56905
56904 56918
56904 56940
56904 56958
56904 56966
56904 56979
56904 56988
56904 56995
56904 57003
56904 83541
56904 83542
56904 83543
5694 5695
5694 5732
5694 5766
5694 5798
5694 5823
5694 5829
5694 5845
5694 5855
5694 5872
5694 5883
5694 5899
5694 5905
570 652
57008 57009
57008 57026
57008 57043
57008 57063
57008 57091
57008 57112
57008 57124
57008 57145
57008 57158
57008 83544
57008 83545
571 773
57167 57168
57167 57176
57167 57184
57167 57193
57167 57202
57167 57213
57167 57220
57167 57228
57167 57239
57167 57248
57167 57257
57167 57265
57167 57273
57167 57281
57167 57291
57167 57298
57167 57307
57167 57314
57167 57321
57167 57327
57167 57333
57167 57339
572 440
572 681
573 573
57346 57347
57346 57359
57346 57368
57346 57379
57346 57389
57346 57401
574 448
57406 57407
57406 57422
57406 57438
57406 57455
57406 57473
57406 57491
57406 57513
57406 57534
57406 57550
575 332
57560 57561
57560 57575
57560 57588
57560 57603
57560 57611
57560 57623
57560 57634
57560 57643
57560 83546
57560 83547
576 493
576 565
57649 57650
57649 57664
57649 57692
57649 57714
57649 57739
57649 57756
57649 57766
57649 83548
57649 83549
57649 83550
577 586
57778 57779
57778 57798
57778 57814
57778 57838
57778 57859
57778 57865
57778 57880
578 637
57886 57887
57886 57893
57886 57905
57886 57915
57886 57927
57935 57936
57935 57949
57935 57956
57935 57977
57935 57992
57935 58001
57935 58015
57935 58027
57935 83551
57935 83552
57935 83553
580 538
580 732
58040 58041
58040 58054
58040 58064
58040 58070
58040 58079
58040 58087
58098 58099
58098 58121
58098 58150
58098 58167
58098 58179
58098 58201
58098 83554
58098 83555
58098 83556
581 479
581 551
582 468
582 633
58219 58220
58219 58237
58219 58245
58219 58261
58219 58270
58219 58279
58286 58287
58286 58306
58286 58331
58286 58343
58286 58367
58286 58373
58286 58386
58286 58396
58286 58405
58286 58411
58286 58423
58286 58434
58286 58442
58286 58448
58286 58453
58286 58461
58286 58471
58286 58479
58286 58485
58490 58491
58490 58500
58490 58509
58490 58519
58490 58525
58490 58538
58490 58545
58490 58551
58490 58558
585 693
58567 58568
58567 58594
58567 58603
58567 58609
58567 58621
58567 58631
58567 58637
58567 58648
58567 58660
58567 58675
58567 58687
58567 58703
58567 58716
58567 58724
58567 58743
586 353
58749 58750
58749 58756
58749 58767
58749 58787
58749 58807
58749 58820
58749 58839
58749 58854
58749 58873
58749 58885
58749 58911
58749 58931
58749 58943
58749 58953
58749 58962
58749 58968
58749 58977
58749 58987
58749 59000
58749 59006
588 490
589 371
589 391
589 549
590 482
59018 59019
59018 59035
59018 59060
59018 59094
59018 59112
59018 59133
59018 59152
59018 59173
59018 59200
59018 59230
59018 59255
59018 59269
59018 59286
59018 59308
5920 5921
5920 5952
5920 5976
5920 6017
5920 6045
5920 6081
5920 6098
5920 6126
5920 6139
5920 6155
59320 59321
59320 59336
59320 59345
59320 59355
59320 59366
59320 59375
59320 59383
59320 59392
59320 59402
59320 59416
59320 59425
59320 59437
59320 59447
59320 59454
59320 59464
59320 59476
59320 59488
59320 59505
59320 59517
59320 59526
59320 59532
59320 59541
59320 59551
594 624
595 268
59557 59558
59557 59564
59557 59572
59557 59585
59557 59592
59557 59599
59557 59605
59557 59612
59557 59624
59557 59643
59557 59652
59557 59659
59557 59668
59557 59674
59557 59679
59557 59685
59557 59694
596 459
59699 59700
59699 59720
59699 59738
59699 59747
59699 59765
59699 59782
59699 59799
59699 59814
59699 59821
59699 59833
59699 59839
59699 59853
59699 59861
59869 59870
59869 59885
59869 59900
59869 59913
59869 59925
59869 59934
59869 59947
599 512
599 686
59953 59954
59953 59972
59953 59990
59953 60010
59953 60030
59953 60049
59953 60062
59953 60081
59953 60090
59953 60110
59953 60123
600 710
601 592
60134 60135
60134 60146
60134 60159
60134 60167
60134 60176
60134 83729
60183 60184
60183 60190
60183 60198
60183 60208
60183 60214
602 610
60223 60224
60223 60231
60223 60236
60223 60242
60223 60250
60255 60256
60255 60271
60255 60277
60255 60291
60255 60301
60255 60316
60255 60336
60255 60343
60255 60358
60372 60373
60372 60391
60372 60412
60372 60430
60372 60442
60372 60454
604 591
60468 60469
60468 60481
60468 60490
60468 60507
60468 60532
60468 60539
60468 60548
60468 60556
60468 60567
60468 60578
60468 60609
60468 60614
60468 60620
60468 60631
60468 60638
60468 83681
60468 83683
605 428
605 790
606 671
60653 60654
60653 60674
60653 60683
60653 60691
60653 60710
60653 60722
60653 60731
60653 60768
60653 60783
60653 60815
60653 60825
60653 60846
60653 83689
60653 83693
60653 83695
60653 83696
60653 83697
607 339
608 545
608 567
608 627
60867 60868
60867 60874
60867 60885
60867 60897
60867 60917
60867 60939
609 430
60967 60968
60967 60979
60967 60996
60967 61008
60967 61024
60967 61052
60967 83701
60967 83703
60967 83705
61077 61078
61077 61088
61077 61097
61077 61108
61077 61123
61077 61140
61077 61155
61077 61174
61077 61197
61077 61205
61077 61222
61077 61231
61077 61239
611 467
61251 61252
61251 61263
61251 61284
61251 61293
61251 61301
61251 61322
61251 61329
61251 61335
61251 61342
61251 61352
61362 61363
61362 61372
61362 61378
61362 61387
61362 61392
61400 61401
61400 61412
61400 61423
61400 61436
61400 61449
61400 61461
61400 61469
61400 61482
61492 61493
61492 61509
61492 61526
61492 61539
61492 61561
61492 61574
61492 61583
61492 61595
61492 61607
61492 83716
61492 83718
61492 83811
615 504
615 611
616 610
61614 61615
61614 61631
61614 61642
61614 61657
61614 61673
61614 61682
61614 61696
61614 61704
6166 6167
6166 6198
6166 6229
6166 6248
6166 6294
6166 6314
6166 6358
6166 6369
61711 61712
61711 61728
61711 61756
61711 61783
61711 61796
61711 61806
61711 61818
61711 61825
61711 61832
61711 61840
618 645
61846 61847
61846 61859
61846 61866
61846 61874
61846 61883
61846 61890
61846 61901
61846 61909
61846 61915
61846 61921
619 445
619 751
61929 61930
61929 61937
61929 61945
61929 61950
61929 61957
61966 61967
61966 61980
61966 61991
61966 62012
61966 62024
61966 62039
61966 62050
61966 62065
61966 62075
61966 62090
61966 62100
620 480
62112 62113
62112 62119
62112 62141
62112 62149
62112 62164
62112 62173
62112 62195
62112 62205
62112 62216
62112 62230
62112 62238
62112 62250
62112 62261
62112 62275
62112 62284
62112 62292
62112 62299
62112 62307
62112 62317
62112 62327
62112 83672
62333 62334
62333 62354
62333 62368
62333 62383
62333 62405
62333 62432
62333 62459
62333 62482
62333 62509
62333 62522
62333 62534
62333 62547
62333 62563
62333 62576
62333 62590
62333 62611
62333 62619
62333 62624
62333 62629
625 657
626 399
62643 62644
62643 62659
62643 62676
62643 62692
62643 62708
62643 62727
62643 62742
62643 62752
62643 62766
62643 62775
62643 62785
62643 62795
62643 62807
62643 62817
62643 62829
62643 62839
62643 62853
627 621
628 360
628 629
628 648
62861 62862
62861 62873
62861 62884
62861 62902
62861 62919
62861 62932
62861 62946
62861 62959
62861 62968
62861 62981
62861 62991
62861 63000
630 519
63007 63008
63007 63027
63007 63045
63007 63057
63007 63069
63007 63088
63007 63100
63007 63117
63007 63137
63007 63147
63007 63159
63167 63168
63167 63186
63167 63201
63167 63220
63167 63237
63167 63259
63167 63278
63167 63298
63167 63313
63167 63326
63167 63338
632 391
632 485
633 643
633 687
63348 63349
63348 63366
63348 63390
63348 63424
63348 63455
63348 63485
63348 63512
63348 63533
63348 63552
63348 63560
634 616
63578 63579
63578 63595
63578 63608
63578 63623
63578 63639
63578 63653
63578 63664
63578 63679
63578 63687
63578 63695
63578 63702
63578 63712
636 266
637 411
637 633
637 638
63722 63723
63722 63729
63722 63765
63722 63778
63722 63793
63722 63814
63722 63823
63722 63830
63722 63841
63722 63854
638 453
638 534
63866 63867
63866 63889
63866 63911
63866 63935
63866 63954
63866 63982
63866 63999
63866 64016
639 651
6397 6398
6397 6409
6397 6421
6397 6438
6397 6449
6397 6459
6397 6466
6397 6477
6397 6487
640 547
64027 64028
64027 64041
64027 64051
64027 64061
64027 64072
64085 64086
64085 64091
64085 64096
64085 64101
64085 64106
64112 64113
64112 64122
64112 64130
64112 64143
64112 64158
64112 64170
64112 64194
64112 64207
64112 64228
64112 64238
642 493
642 589
64248 64249
64248 64263
64248 64276
64248 64285
64248 64294
64248 64308
64248 64322
64248 64336
64248 64357
64248 64366
64248 64378
64248 64398
64248 64418
64248 64442
64248 64451
64248 64457
64248 64476
64248 64488
644 621
64496 64497
64496 64512
64496 64522
64496 64537
64496 64549
64496 64556
64496 64568
64496 64574
64496 64581
64496 64588
64496 64595
64496 64600
64496 64608
645 339
645 697
646 657
646 740
64617 64618
64617 64628
64617 64634
64617 64641
64617 64650
64617 64660
64617 64664
64617 64675
64617 64682
64617 64705
647 527
64709 64710
64709 64723
64709 64733
64709 64754
64709 64829
64709 64890
64709 64912
64709 64936
64709 64944
64709 83626
64709 83627
64709 83628
64709 83629
64709 83630
64709 83631
648 110
648 596
648 661
649 661
649 682
64949 64950
64949 64965
64949 64972
64949 64982
64949 64988
64949 64994
64949 65019
64949 65032
64949 65042
64949 65048
64949 65054
64949 65061
64949 83638
64949 83639
64949 83640
6497 6498
6497 6507
650 544
65069 65070
65069 65081
65069 65093
65069 65105
65069 65114
65069 65126
65069 65134
65069 65156
65069 65171
65069 65180
65069 65193
65069 65206
65069 65223
65069 65229
65069 65239
65069 65249
65069 65259
65069 65275
65069 65289
65069 65302
65069 65310
651 489
651 568
651 643
6518 6519
6518 6537
6518 6556
6518 6579
652 362
652 530
653 658
65315 65316
65315 65325
65315 65336
65315 65344
65315 65349
65315 65365
65315 65372
65315 65380
65315 65388
65315 65400
65315 65408
65315 65416
65315 65421
65315 65428
65315 65437
65315 65446
65315 65454
65315 65461
654 616
65469 65470
65469 65494
65469 65499
65469 65512
655 282
65528 65529
65528 65534
65528 65541
65528 65546
65528 65554
65567 65568
65567 65578
65567 65587
65567 65593
65567 65599
65567 65607
65567 65613
65567 65619
65567 65625
656 680
65631 65632
65631 65638
65631 65644
65631 65652
65656 65657
65656 65664
65656 65671
65675 65676
65675 65689
65675 65698
65675 83646
657 752
65703 65704
65703 65714
65703 65722
65703 65736
65703 65754
65760 65761
65760 65780
65760 65796
65760 65806
65760 65812
65822 65823
65822 65834
65822 65846
65822 65864
65822 65878
65822 65900
65822 65908
65822 65923
65822 65934
65822 65952
65822 65960
65822 65968
65822 83401
65822 83778
65822 83779
659 406
659 667
6591 6592
6591 6607
6591 6617
6591 6628
6591 6638
65974 65975
65974 65985
65974 65997
65974 66005
65974 66017
65974 66025
65974 66046
65974 66058
65974 66070
65974 66078
65974 66089
65974 66100
65974 66114
65974 66129
65974 66138
65974 66153
65974 66161
65974 66171
65974 66180
65974 83780
65974 83781
65974 83782
65974 83783
65974 83784
65974 83785
660 228
660 516
660 542
660 745
661 684
66188 66189
66188 66214
66188 66220
66188 66234
66188 66242
66188 66263
66188 66282
66188 66301
66188 66316
66188 66325
66188 66334
66188 66344
66188 66351
66188 66358
66188 66367
66371 66372
66371 66380
66371 66387
66371 66399
66371 66408
66371 66418
66371 66431
66371 66445
66371 66461
66371 66470
66371 66482
66371 66489
66371 66495
66371 66497
66371 66506
66371 66512
66371 66519
66371 66526
66371 66534
664 540
664 634
664 666
6648 6649
6648 6664
6648 6675
6648 6699
6648 6717
66544 66545
66544 66554
66544 66565
66544 66577
66544 66585
66544 66596
66544 66613
66544 66622
66544 66633
66544 66643
66544 66651
66544 66661
66544 66671
66544 66680
66544 66692
66544 66701
66544 66710
667 628
66718 66719
66718 66729
66718 66742
66718 66752
66718 66772
66718 66784
66718 66803
66718 66819
66718 66832
66718 66845
66853 66854
66853 66870
66853 66879
66853 66890
66853 66900
66853 66918
66853 83786
66853 83787
66853 83788
66853 83789
66853 83790
66853 83791
669 591
669 723
669 789
66936 66937
66936 66949
66936 66965
66936 66982
66936 66999
66936 67013
670 620
67035 67036
67035 67051
67035 67062
67035 67077
67035 67090
67035 67098
67035 67105
67035 67111
67035 67119
67035 67124
671 1023
671 1037
671 1063
671 1080
671 1098
671 1119
671 1135
671 1149
671 1158
671 1175
671 1187
671 1201
671 666
671 672
671 718
671 756
671 771
671 792
671 820
671 838
671 870
671 909
671 924
671 948
671 972
671 996
67130 67131
67130 67140
67130 67151
67130 67161
67130 67174
67130 67187
67130 67195
67130 67205
67130 67217
67130 83792
67130 83793
672 629
67227 67228
67227 67236
67227 67245
67227 67257
67227 67268
67227 67277
67227 67285
67227 67294
6729 6730
6729 6741
6729 6757
6729 6772
6729 6782
67305 67306
67305 67319
67305 67329
67305 67340
67305 67349
67355 67356
67355 67365
67355 67376
67355 67386
67394 67395
67394 67413
67394 67433
67394 67439
67394 67444
67394 67457
67394 67468
67394 67480
67394 67487
67394 67499
67394 67504
67394 67515
67394 67527
67394 67536
67394 67547
674 730
675 716
67558 67559
67558 67573
67558 67593
67558 67608
67558 67630
67558 67650
67558 67669
67558 67702
67558 67719
67558 67742
67558 67754
67558 67767
67558 67784
67558 67803
67558 67820
67558 67831
67558 67841
67558 67854
67558 83794
67558 83795
67558 83796
67558 83797
67558 83798
676 565
677 543
677 571
678 720
67866 67867
67866 67872
67866 67887
67866 67902
67866 67923
67866 67936
67866 67949
67866 67957
67866 67966
67866 67975
67866 67985
67866 67994
67866 68000
67866 68006
67866 68013
67866 68020
67866 68025
67866 68031
67866 83799
6789 6790
6789 6804
6789 6812
6789 6820
6789 6829
6789 6848
6789 6862
6789 6875
679 679
68041 68042
68041 68057
68041 68070
68041 68085
68041 68092
68041 68106
68041 68119
68041 68130
68041 68140
68041 68156
68041 68165
68041 68172
68041 68178
68041 68184
68041 68192
68041 68197
682 644
68206 68207
68206 68217
68206 68226
68206 68239
68206 68247
68206 68259
68206 68268
68206 68282
68206 68294
68206 68304
683 338
68309 68310
68309 68326
68309 68342
68309 68351
68309 68364
68309 68374
68309 68387
68309 68398
68309 68406
68309 68414
68309 68422
684 632
684 650
68428 68429
68428 68450
68428 68475
68428 68504
68428 68525
68428 68555
68428 68589
68428 68608
68428 68619
68428 68633
68428 68646
68428 68656
68428 68666
68428 83801
68428 83802
68428 83803
68428 83804
68428 83805
68428 83806
686 635
686 687
68681 68682
68681 68690
68681 68701
68681 68713
68681 68725
68681 68741
68681 68757
68681 68768
68681 68784
68681 68799
68681 68806
68681 68816
68681 68827
68681 68834
68681 68840
68681 68848
68681 68860
68681 68872
68681 68881
6888 6889
6888 6903
6888 6914
6888 6923
6888 6930
6888 6942
6888 6949
6888 6964
6888 6973
6888 6983
6888 7005
68887 68888
68887 68899
68887 68911
68887 68926
68887 68938
68887 68948
68887 68957
68887 68980
68887 68989
68887 68996
68887 69011
68887 69020
68887 69031
68887 69039
68887 69047
68887 69054
68887 69060
68887 69067
68887 69076
68887 69082
68887 89758
68887 89765
689 335
689 519
689 647
690 417
690 710
69089 69090
69089 69104
69089 69119
69089 69133
69089 69151
69089 69163
69089 69181
69089 69195
69089 69212
691 707
69220 69221
69220 69230
69220 69246
69220 69259
69220 83807
69220 83808
69220 83809
69220 83810
69269 69270
69269 69282
69269 69292
69269 69302
69269 69312
69269 69319
69269 69330
69269 69337
69269 69346
69269 69354
69269 69362
69269 69370
69269 69379
69269 69393
69269 69398
69269 69406
69269 69411
69269 69416
69269 69424
69269 69430
69269 69437
693 409
69442 69443
69442 69447
69442 69456
69442 69469
69442 69478
69442 69490
69442 69497
69442 69504
69442 69513
69442 69519
69442 69524
695 554
69531 69532
69531 69553
69531 69563
69531 69572
69531 69585
69531 69594
69531 69614
69531 69631
69531 69641
69531 69654
69668 69669
69668 69681
69668 69691
69668 69701
69668 69712
69668 69723
69668 69730
69668 69737
69744 69745
69744 69760
69744 69773
69744 69787
69744 69794
69744 69805
69744 69814
69744 69827
69744 69839
69744 69847
69744 69860
698 536
69869 69870
69869 69877
69869 69890
69869 69899
69869 69915
69869 69925
69869 69934
69869 69943
69869 69949
69962 69963
69962 69978
69962 69993
69962 70002
69962 70010
69962 70018
69962 70028
69962 70045
69962 70060
69962 70069
69962 70079
69962 70091
69962 70099
69962 70108
69962 70116
69962 70125
69962 70135
69962 70141
701 680
7013 7014
7013 7026
7013 7052
7013 7067
7013 7078
7013 7099
7013 7112
7013 7126
70149 70150
70149 70160
70149 70172
70149 70186
70149 70198
70149 70205
70149 70213
70149 70222
70149 70234
70239 70240
70239 70252
70239 70273
70239 70292
70239 70301
70239 70313
70239 70334
70239 70353
70239 70374
70239 70393
70239 70406
70239 70416
70239 70426
70239 70439
70239 70455
70239 70471
70239 70490
70239 70508
70239 70523
70239 70546
70239 70563
70239 70572
70239 70581
70239 70590
70239 70606
70239 70618
70239 70628
703 424
703 749
704 737
704 798
706 733
70639 70640
70639 70647
70639 70656
70639 70665
70639 70673
70639 70683
70639 70695
70639 70704
70639 70712
70639 70719
70639 70727
70639 70736
70639 70743
70639 70749
70757 70758
70757 70768
70757 70776
70757 70785
70757 70795
70757 70801
70757 70810
70757 70824
70757 70835
70757 70842
70757 70851
70757 70858
70757 70865
708 616
70873 70874
70873 70882
70873 70893
70873 70904
70873 70912
70873 70921
70873 70928
70935 70936
70935 70950
70935 70959
70935 70972
70935 70983
70935 70994
70935 71004
70935 71009
71014 71015
71014 71031
71014 71047
71014 71061
71014 71071
71014 71090
71014 71107
71014 71118
71014 71138
71014 71147
71014 71162
71014 71175
71014 71187
71014 71198
712 711
71209 71210
71209 71221
71209 71231
71209 71242
71209 71252
71209 71261
71209 71268
71209 71281
71209 71290
71209 71301
71209 71314
713 726
7132 7133
7132 7166
7132 7182
7132 7193
7132 7220
7132 7230
71327 71328
71327 71338
71327 71349
71327 71359
71327 71368
71327 71379
71327 71394
71327 71409
71327 71417
71327 71423
71327 71431
71327 83765
714 416
714 772
71437 71438
71437 71461
71437 71480
71437 71496
71437 71512
71437 71521
71437 71528
71437 71536
71437 71548
71437 71557
71437 71566
71437 71573
715 660
71579 71580
71579 71605
71579 71619
71579 71633
71579 71646
71579 71657
71579 71667
71579 71677
71579 71693
71579 71704
71579 71715
71579 71726
71579 71739
71579 71748
71579 71757
71579 71764
71579 71776
71579 71785
71579 71795
71579 71804
71579 71814
71579 83763
717 555
717 620
71828 71829
71828 71839
71828 71855
71828 71862
71828 71878
71828 71885
71828 71892
71828 71910
71828 71916
71828 71929
71828 71943
71828 71949
71828 71956
71828 71965
71828 71974
71828 71980
71828 71987
71828 71994
71828 72000
719 705
720 637
720 695
72007 72008
72007 72023
72007 72044
72007 72064
72007 72085
72007 72093
72007 72119
72007 72132
72007 72146
72007 72153
72007 72169
72007 83764
72190 72191
72190 72200
72190 72206
72190 72220
72190 72236
72190 72245
72190 72258
72190 72274
72190 72287
72190 72293
72190 72302
72309 72310
72309 72320
72309 72334
72309 72349
72309 72360
72309 72369
72309 72382
72309 72398
72309 72411
72309 72423
72309 72434
72309 72442
72309 72449
72309 72460
7240 7241
7240 7255
7240 7271
7240 7281
7240 7289
7240 7299
7240 7312
7240 7322
7240 7330
7240 7340
7240 7352
7240 7361
7240 7376
7240 7383
7240 7392
7240 7402
7240 7411
7240 7418
7240 7425
7240 7432
72467 72468
72467 72472
72467 72478
72467 72486
72493 72494
72493 72501
72493 72508
72493 72513
72493 72521
72493 72529
72493 72535
72493 72540
72493 72545
72552 72553
72552 72565
72552 72579
72552 72588
72552 72596
72552 72609
72552 72622
72552 72636
72552 72656
72552 72666
72552 72680
72552 72688
72552 72702
72552 72723
72552 72739
72552 72748
72552 72757
72552 72763
72552 72770
72552 72777
726 672
726 764
72786 72787
72786 72797
72786 72807
72786 72827
72786 72843
72786 72865
72786 72874
72786 72880
72786 72897
72786 72909
72786 72916
72786 72926
72786 72944
72786 72955
72786 72968
72786 72985
72786 73010
72786 73023
72786 73039
72786 73046
72786 73052
72786 73061
72786 73075
72786 73083
72786 73089
72786 73099
72786 73110
72786 73120
72786 73130
72786 73141
728 574
73150 73151
73150 73160
73150 73169
73150 73179
73150 73190
73150 73201
73150 73208
73150 73215
73150 73221
73150 73229
73150 73234
73150 73243
73150 73251
73150 73261
73150 73270
73150 73277
73150 73286
73150 73295
73150 73305
73150 73317
73150 73329
73150 73335
73150 73348
73150 73355
73150 73362
73150 73368
73150 73375
73150 73380
73150 73385
73150 73393
73150 73400
73150 73406
73150 73412
732 523
732 578
732 675
732 749
732 751
734 657
73420 73421
73420 73439
73420 73448
73420 73463
73420 73474
73420 73485
73420 73498
73420 73519
73420 73526
73420 73537
73420 73546
73420 73554
73420 73571
73420 73583
73420 73597
73420 73607
73420 73614
73420 73621
73420 73628
73420 73634
73420 73640
736 716
736 741
73650 73651
73650 73673
73650 73697
73650 73718
73650 73734
73650 73756
73650 73769
73650 73786
73650 73799
73650 73830
73650 73851
73650 73872
73650 73891
73650 73904
73650 73915
73650 73936
73650 73947
73650 73963
73650 73971
73650 73989
73650 73998
73650 74008
737 561
737 626
739 454
74018 74019
74018 74030
74018 74036
74018 74045
74018 74051
74018 74056
74018 74064
74018 74074
74018 74085
74018 74094
74018 74103
74018 74109
74018 74114
74018 74119
74018 74125
74018 74132
74018 74140
74018 74146
74018 74152
74018 74157
74018 74163
74018 74173
741 496
74179 74180
74179 74201
74179 74218
74179 74229
74179 74239
74179 74261
74179 74272
74179 74282
742 452
742 705
74288 74289
74288 74302
74288 74314
74288 74326
74288 74334
74288 74347
74288 74360
74288 74368
74288 74376
74288 74385
74288 74396
74288 74406
74288 74415
74288 74422
74288 74430
7438 7439
7438 7471
7438 7484
7438 7499
7438 7514
7438 7534
7438 7548
7438 7557
7438 7569
7438 7591
7438 7606
7438 7621
7438 7645
7438 7668
7438 7681
74437 74438
74437 74459
74437 74469
74437 74476
74437 74484
74437 74502
74437 74512
74437 83767
74437 83768
74437 83769
74525 74526
74525 74541
74525 74550
74525 74561
74525 74571
74525 74581
74590 74591
74590 74598
74590 74608
74590 74613
74590 74618
74590 74628
74590 74642
74590 74649
74590 74655
74590 74660
74665 74666
74665 74672
74665 74680
74665 74685
74665 74691
74665 74698
74665 74710
74665 83766
74717 74718
74717 74733
74717 74743
74717 74752
74717 74769
74717 74779
74717 74793
74717 74809
74717 74835
74717 74851
74717 74862
74717 74874
74717 74885
74717 74894
74717 74904
74717 74913
74717 74924
74717 74930
74717 83777
74941 74942
74941 74965
74941 74980
74941 74989
74941 75002
74941 75012
74941 75022
750 688
750 761
750 764
75031 75032
75031 75040
75031 75053
75031 75062
75031 75075
75031 75085
75031 75097
75031 75104
75031 75114
75031 75123
75031 75134
75031 75141
75031 75148
75031 75154
75031 75161
75031 75170
75031 75176
75031 83776
751 800
75183 75184
75183 75195
75183 75204
75183 75218
75183 75227
75183 75239
75183 75246
75183 75254
75183 75260
75183 75268
75183 75277
75183 75285
75183 75293
752 242
753 498
753 681
753 699
75301 75302
75301 75315
75301 75330
75301 75341
75301 75352
75301 83770
75301 83771
75301 83772
75301 83773
75301 83774
75301 83775
75365 75366
75365 75374
75365 75380
75365 75387
75365 75393
75365 75400
75365 75407
75365 75413
75365 75419
754 711
75426 75427
75426 75434
75426 75441
75426 75448
75426 75454
75426 75460
75426 75465
75426 75473
75426 75479
75426 75484
75426 75489
75426 75494
755 760
75502 75503
75502 75512
75502 75522
75502 75536
75502 75549
75502 75561
75502 75571
75502 75581
75502 75589
75502 75605
75502 75617
75502 75632
75502 75643
75502 75651
75502 75660
75502 83760
75670 75671
75670 75693
75670 75716
75670 75729
75670 75743
75670 75758
75670 75769
75670 75779
75670 75790
75670 75803
75670 75811
75670 75832
75670 75841
75670 75849
75670 75854
75670 83761
75670 83762
758 757
75863 75864
75863 75873
75863 75892
75863 75907
75863 75917
75863 75931
75863 75942
75863 75957
75863 75970
75863 75978
75863 75990
75863 76002
75863 76014
75863 76020
75863 76028
75863 76037
759 760
760 325
76047 76048
76047 76053
76047 76061
76047 76068
76047 76075
76047 76080
76047 76085
76047 76090
76097 76098
76097 76111
76097 76119
76097 76131
76097 76149
76097 76178
76097 76202
76097 76215
762 654
762 760
76223 76224
76223 76235
76223 76244
76223 76252
76223 76263
76223 83857
76284 76285
76284 76297
76284 76315
76284 76347
76284 76360
76284 76381
76284 76398
76284 76410
76284 76417
76284 76429
76284 76437
76284 76443
76284 76456
76284 76464
76284 83812
76284 83813
76284 83814
76284 83815
76470 76471
76470 76494
76470 76516
76470 76531
76470 76545
76470 76559
765 675
76568 76569
76568 76581
76568 76588
76568 76597
76568 76606
76568 76615
76568 76622
76568 76635
76568 76645
76568 83821
76651 76652
76651 76664
76651 76673
76651 76692
76651 76702
76651 83822
76651 83823
76651 83824
76651 83825
76651 83826
76708 76709
76708 76719
76708 76730
76708 76741
76708 76753
76708 76763
76708 83827
76708 83828
76708 83829
76708 83830
76708 83831
76708 83832
76708 83833
76708 83834
76708 83835
76771 76772
76771 76802
76771 76815
76771 76850
76771 83836
76771 83837
76771 83838
76771 83839
76771 83840
76771 83841
76771 91360
76868 76869
76868 76886
76868 76906
76868 76930
76868 76960
76868 76974
76868 76982
76868 83842
76868 83843
76868 83844
769 750
7697 7698
7697 7713
7697 7737
7697 7753
7697 7794
7697 7809
7697 7827
7697 7864
7697 7875
7697 7888
7697 7908
7697 7921
7697 7931
7697 7949
76995 76996
76995 77010
76995 77025
76995 77033
76995 77042
77051 77052
77051 77061
77051 77067
77051 77073
77051 83858
77086 77087
77086 77108
77086 77126
77086 77136
77086 77146
771 753
77155 77156
77155 77186
77155 77209
77155 77223
77155 77240
77155 77259
77155 77266
77155 77280
77155 77294
773 584
773 785
77311 77312
77311 77322
77311 77332
77311 77339
77311 77347
77311 77355
77311 83859
77311 83860
77364 77365
77364 77373
77364 77384
77364 77398
77364 77413
77364 77436
77364 77455
77364 77466
77364 77476
77364 77483
77364 77489
77364 77499
77364 77512
77364 77520
77364 77531
77364 77544
77364 77566
775 556
775 747
77578 77579
77578 77595
77578 77610
77578 77623
77578 77634
77578 77643
77578 77653
77578 77664
77578 77679
77578 77687
77578 77695
77578 77700
77578 77707
77578 77714
77578 77723
77578 77734
77578 77743
77578 77754
77578 77763
77578 77770
77578 77777
77578 77785
77578 77793
77578 77802
77578 77815
77578 77823
77578 77829
77578 77838
77578 77845
77578 77850
776 730
777 747
778 775
77858 77859
77858 77863
77858 77875
77858 77879
77858 77884
77858 77890
77858 77895
77858 77901
77858 77906
77858 77910
77858 77914
77858 77920
77858 77925
77858 77928
77858 77932
77858 77940
77858 77942
77858 77948
77858 77952
779 731
779 742
77956 77957
77956 77964
77956 77972
77956 77979
77956 77994
77956 78003
77956 78010
77956 78017
77956 78026
77956 78034
78040 78041
78040 78059
78040 78077
78040 78092
78040 78099
78040 78106
78040 83861
78122 78123
78122 78135
78122 78148
78122 78158
78122 78167
78122 78180
78122 78190
78122 78198
782 797
78204 78205
78204 78222
78204 78241
78204 78251
78204 78267
78204 78280
78289 78290
78289 78298
78289 78305
78289 78309
78289 78322
783 663
78324 78325
78324 78352
78324 78367
78324 78386
78324 78404
78324 78424
78324 78439
78324 78453
78324 78466
78324 78480
78324 78501
78324 78527
78324 78546
78324 78569
78324 78588
78324 78606
78324 78621
78324 78647
78324 78661
78324 78688
78324 78707
78324 78725
78324 78740
78324 78755
78324 78776
78324 78788
78324 78808
78324 78821
78324 78830
78324 78850
78324 83872
78324 83873
78324 83874
78324 83875
78324 83876
78324 83877
78324 83895
78324 83896
78324 83897
78324 83898
78324 83899
78324 83900
78324 83901
78324 83902
78324 83903
78324 83904
785 601
785 683
785 694
78862 78863
78862 78877
78862 78886
78862 78890
78862 78897
78862 78910
78862 84096
78862 84097
78862 84098
78927 78928
78927 78942
78927 78964
78927 78979
78927 78998
78927 79009
78927 83677
78927 83678
78927 83679
78927 83680
78927 83682
78927 83684
78927 83685
78927 83686
78927 83687
78927 83688
78927 83690
78927 83691
78927 83692
78927 83694
79019 79020
79019 79038
79019 79051
79019 79065
79019 79084
79019 79103
79019 79119
79019 79131
79019 79141
79019 79152
79019 83698
79019 83699
79019 83700
79019 83702
79019 83704
791 781
79163 79164
79163 79174
79163 79197
79163 79234
79163 79244
79163 79257
79163 79293
79163 83706
79163 83707
79163 83709
79163 83710
79163 83711
79163 83712
79163 83713
79163 83714
79163 83715
79163 83717
79163 83719
79163 84099
79310 79311
79310 79319
79310 79325
79310 79336
79310 79346
79354 79355
79354 79367
79354 79376
79354 79383
79354 79391
79354 79399
79354 79408
79354 79415
794 519
79421 79422
79421 79431
79421 79439
79421 79451
79421 79460
79466 79467
79466 79483
79466 79503
79466 79519
79466 79524
79531 79532
79531 79537
79531 79542
79531 79553
79531 79558
79564 83720
79564 83721
79564 83722
79564 83723
79564 83724
79564 83725
79564 83726
79564 83727
79564 83728
79564 83863
796 564
7960 7961
7960 7975
7960 8001
7960 8020
7960 8037
7960 8047
7960 8056
7960 8069
7960 8082
7960 83458
79629 79630
79629 79632
79629 79637
79629 79642
79629 79647
79629 79651
79629 79656
79629 79661
79629 83730
79629 83731
79629 83732
79629 83733
79629 83734
79629 83735
79629 83736
79629 83737
79629 83738
79629 83739
79629 83740
79629 83741
79629 83742
79629 83743
79629 83744
79629 83745
79629 83746
79629 83747
79629 83748
79629 83749
79629 83750
79629 83751
79629 83752
79629 83753
79663 79664
79663 79680
79663 79692
79663 79705
79663 79711
79663 79722
79663 79735
79663 79739
79752 79753
79752 79777
79752 79782
79752 79803
79752 79811
79752 79819
79752 83754
79752 83755
79752 83756
79752 83759
79826 79827
79826 79838
79826 79851
79826 79860
79826 79872
79826 79883
79826 79897
79826 79912
79826 79918
79826 79930
79826 79943
79826 79953
79826 79959
79826 79964
79826 79971
79826 79977
79826 79987
79826 79996
79826 80001
79826 80009
799 668
800 800
80015 80016
80015 80031
80015 80052
80015 80070
80015 80075
80015 80085
80015 80094
80015 80100
80015 80113
80015 80129
80015 80135
80015 83585
80015 83586
80015 83587
80015 83588
80015 83589
80015 83590
80015 83591
80015 83592
80015 83593
80015 83594
80015 83595
80015 83596
80015 83598
80015 83599
80015 83600
80015 83601
80015 83602
80015 83603
80015 83604
80015 83605
80015 83606
80015 83607
80015 83608
80015 83609
80015 83610
80015 83611
80015 83612
80015 84091
80015 84093
80144 80145
80144 80156
80144 80164
80144 80173
80144 80179
80144 80191
80144 80204
80144 80219
80144 80229
80144 80236
80144 80244
80144 80249
80144 80255
80144 80263
80144 80273
80144 80283
80144 80293
80144 80298
80144 80303
80309 80310
80309 80323
80309 80332
80309 80337
80309 80354
80309 80360
80309 80367
80309 80374
80309 80379
80309 80385
80309 80392
80309 80396
80309 83613
80309 83614
80309 83615
80402 80403
80402 80418
80402 80427
80402 80437
80402 80452
80402 80459
80402 80470
80402 80477
80402 80489
80402 80499
80402 80510
80402 80517
80402 83616
80402 83617
80526 80527
80526 80543
80526 80562
80526 80593
80526 80612
80526 80628
80526 80657
80526 80678
80526 80698
80526 80713
80526 83618
80526 83619
80526 83620
80526 83621
80526 83622
80526 83623
80526 83624
80526 83625
80526 83862
80724 80725
80724 80781
80724 80839
80724 83632
80724 83633
80724 83635
80724 83636
80724 83637
80851 80852
80851 80871
80851 80884
80851 80892
80851 80901
80851 80913
80851 80924
80851 80931
80851 80938
80851 80941
80851 80946
80851 80953
80851 80956
80851 80960
80851 80964
80851 80966
80851 80970
80851 80972
80851 80984
80851 80996
80851 81001
8094 8095
8094 8115
8094 8133
8094 8151
8094 8168
8094 8176
8094 8191
8094 8204
8094 8220
8094 8240
8094 8254
8094 8274
8094 8289
8094 8302
8094 8311
8094 8323
8094 8334
8094 8350
8094 8358
8094 8368
8094 8376
8094 8387
8094 8398
81007 81008
81007 81020
81007 81025
81007 81034
81007 81045
81007 81051
81007 81060
81007 81066
81007 81072
81007 81080
81007 81089
81007 81095
81104 81105
81104 81113
81104 81122
81104 81134
81104 81141
81104 81152
81104 81161
81104 81167
81104 81174
81104 81185
81192 81193
81192 81200
81192 81218
81192 81225
81192 81232
81192 81241
81192 81253
81261 81262
81261 81279
81261 81302
81261 81318
81261 81332
81261 81342
81261 83648
81261 83649
81261 83650
81261 83651
81261 83652
81261 83653
81261 83654
81261 83655
81261 83656
81261 83657
81261 83658
81261 83659
81261 83660
81261 83661
81261 83662
81261 83663
81261 83664
81261 83665
81261 83666
81261 83667
81261 83668
81261 83669
81261 83670
81261 83671
81261 83673
81261 83674
81261 83675
81261 83676
81357 81358
81357 81381
81357 81391
81357 81402
81357 81423
81357 81433
81357 81443
81357 81456
81357 81468
81357 81481
81357 81486
81357 81500
81357 81511
81357 81519
81357 81528
81357 81543
81357 81550
81357 81565
81357 81576
81357 81588
81357 81602
81357 81614
81357 81618
81357 81636
81357 81645
81357 81654
81357 81656
81357 81660
81357 81672
81357 81682
81357 81684
81357 81693
81357 81695
81357 81701
81357 81709
81357 81718
81357 81727
81357 81744
81357 81757
81357 81767
81357 81773
81357 81782
81357 81792
81357 81806
81357 81814
81357 81825
81357 81836
81357 81844
81357 81849
81357 81857
81357 81865
81878 81879
81878 81890
81878 81901
81878 81911
81878 81919
81878 81927
81878 81940
81878 81951
81878 81969
81878 81978
81878 81984
81878 83571
81878 83572
81878 83573
81878 83574
81878 83575
81878 83576
81878 83577
81878 83578
81878 83579
81878 83580
81878 83581
81878 83582
81878 83583
81992 81993
81992 81995
81992 82001
81992 82006
81992 82009
81992 82017
81992 83565
81992 83566
81992 83567
81992 83568
81992 83569
81992 83570
82022 82023
82022 82038
82022 82044
82022 82051
82022 82059
82022 82068
82022 82082
82022 82088
82022 82095
82022 82103
82022 82109
82022 82117
82022 82127
82022 82131
82022 82137
82022 82141
82022 82146
82154 82155
82154 82169
82154 82188
82154 82205
82154 82239
82154 82263
82154 82277
82154 82298
82154 82349
82154 82360
82154 82368
82154 82391
82154 82410
82154 82426
82154 82451
82154 82459
82154 82467
82154 82472
82154 82489
82154 82501
82154 82509
82154 82517
82154 82532
82154 82553
82154 82575
82605 82606
82605 82618
82605 82627
82605 82641
82605 82661
82605 82674
82605 82682
82605 82692
82605 82707
82724 82725
82724 82741
82724 82749
82724 82762
82724 82778
82724 82785
82724 82793
82724 82802
82724 82815
82724 82821
82724 82828
82724 82835
82724 82845
82850 82851
82850 82857
82850 82864
82850 82871
82850 82882
82850 82890
82850 82895
82850 82901
82850 82906
82850 82917
82850 82922
82850 82938
82850 82943
82850 82948
82850 82954
82850 82960
82850 83557
82850 83558
82850 83559
82850 83560
82850 83561
82850 83562
82850 83563
82850 83564
82965 82966
82965 82975
82965 82985
82965 82990
82965 82995
82965 83001
82965 83006
82965 83011
82965 83015
82965 83020
82965 83026
82965 83033
82965 83039
82965 83046
82965 83052
82965 83058
82965 83064
82965 83069
82965 83077
82965 83082
82965 83087
82965 83093
82965 83098
82965 83103
83107 83108
83107 83119
83107 83125
83107 83130
83107 83140
83107 83144
83107 83151
83107 83157
83107 83162
83107 83168
83107 83175
83107 83181
83107 83186
83194 83195
83194 83215
83194 83226
83194 83252
83194 83258
83194 83266
83194 83282
83289 83290
83289 83296
83289 83303
83289 83309
83289 83314
83289 83320
8408 8409
8408 8423
8408 8433
8408 8453
8408 8476
8408 8496
8408 8519
8408 8544
8408 8564
8408 8580
8408 8593
8408 8602
8408 8620
8408 8637
8408 8645
8408 8655
8408 8670
8688 8689
8688 8702
8688 8729
8688 8760
8688 8775
8688 8801
8688 8838
8688 8856
8688 8872
8688 8906
8688 8936
8688 8957
8688 8966
8688 8973
8688 8991
8688 9012
8688 9018
8688 9039
8688 9051
8688 9065
8688 9082
8688 9102
9114 9115
9114 9133
9114 9150
9114 9160
9114 9172
9114 9182
9114 9192
9114 9204
9114 9220
9114 9234
9114 9245
9114 9266
9114 9276
9114 9287
9114 9298
9114 9304
9114 9310
9114 9326
9114 9340
9114 9349
9114 9360
9114 9372
9114 9382
9114 9397
9114 9407
9114 9414
9114 9424
9114 9441
9114 9452
9114 9470
9114 9488
9497 9498
9497 9506
9497 9514
9497 9523
9497 9530
9497 9539
9497 9552
9497 9565
9497 9576
9497 9586
9497 9596
9497 9604
9497 9618
9497 9631
9497 9641
9497 9649
9497 9660
9497 9667
9497 9673
9497 9681
9497 9687
9497 9693
9497 9701
9497 9712
9497 9719
9727 9728
9727 9739
9727 9749
9727 9760
9727 9774
9727 9799
9727 9807
9727 9818
9727 9827
98 383
98 715
9835 10003
9835 10009
9835 10015
9835 9836
9835 9848
9835 9868
9835 9883
9835 9897
9835 9914
9835 9934
9835 9947
9835 9958
9835 9972
9835 9984
9835 9994